instance,k,model,runtime,lb,ub,bb-nodes,simplex-iter,num-vars,num-constrs
bulgaria,10,ER-S-Tree,2.29,78.6,78.6,25.0,9891.0,526,10325
bulgaria,3,ER-S-Tree,104.97,588.9,588.9,428.0,456331.0,526,10325
bulgaria,4,ER-S-Tree,148.49,388.4,388.4,967.0,551014.0,526,10325
bulgaria,5,ER-S-Tree,341.45,295.7,295.7,2425.0,1153693.0,526,10325
bulgaria,6,ER-S-Tree,27.85,202.8,202.8,364.0,147722.0,526,10325
bulgaria,7,ER-S-Tree,11.37,149.9,149.9,199.0,69541.0,526,10325
bulgaria,8,ER-S-Tree,4.26,114.9,114.9,43.0,19979.0,526,10325
bulgaria,9,ER-S-Tree,2.59,96.0,96.0,54.0,12365.0,526,10325
finnland,10,ER-S-Tree,0.1,7.7,7.7,1.0,495.0,272,3160
finnland,3,ER-S-Tree,0.93,116.4,116.4,17.0,6139.0,272,3160
finnland,4,ER-S-Tree,0.74,63.6,63.6,5.0,4283.0,272,3160
finnland,5,ER-S-Tree,0.86,43.5,43.5,19.0,4804.0,272,3160
finnland,6,ER-S-Tree,0.32,28.4,28.4,1.0,1647.0,272,3160
finnland,7,ER-S-Tree,0.59,21.8,21.8,13.0,3027.0,272,3160
finnland,8,ER-S-Tree,0.24,15.5,15.5,1.0,1217.0,272,3160
finnland,9,ER-S-Tree,0.11,11.3,11.3,1.0,544.0,272,3160
germany,10,ER-S-Tree,57.87,43.5,43.5,797.0,256349.0,960,28329
germany,3,ER-S-Tree,22.61,291.2,291.2,1.0,58026.0,960,28329
germany,4,ER-S-Tree,79.41,187.5,187.5,103.0,224694.0,960,28329
germany,5,ER-S-Tree,134.34,135.9,135.9,293.0,417467.0,960,28329
germany,6,ER-S-Tree,36.79,91.1,91.1,106.0,127100.0,960,28329
germany,7,ER-S-Tree,79.67,72.4,72.4,489.0,307487.0,960,28329
germany,8,ER-S-Tree,57.39,59.0,59.0,479.0,240722.0,960,28329
germany,9,ER-S-Tree,103.51,50.5,50.5,1126.0,410526.0,960,28329
greece,10,ER-S-Tree,70.83,186.3,186.3,440.0,225291.0,883,26161
greece,3,ER-S-Tree,315.1,979.8,979.8,223.0,632567.0,883,26161
greece,4,ER-S-Tree,1000.88,716.9,716.9,1061.0,2059215.0,883,26161
greece,5,ER-S-Tree,164.18,500.5,500.5,264.0,402335.0,883,26161
greece,6,ER-S-Tree,236.43,395.7,395.7,510.0,567558.0,883,26161
greece,7,ER-S-Tree,156.18,316.5,316.5,468.0,413097.0,883,26161
greece,8,ER-S-Tree,252.06,265.6,265.6,983.0,689115.0,883,26161
greece,9,ER-S-Tree,77.62,220.6,220.6,397.0,242250.0,883,26161
romania,10,ER-S-Tree,534.24,148.1,148.1,1405.0,1196730.0,1103,35488
romania,3,ER-S-Tree,18000.0,705.4,764.8,4840.0,19088341.0,1103,35488
romania,4,ER-S-Tree,13689.03,514.3,514.3,4977.0,12135804.0,1103,35488
romania,5,ER-S-Tree,3690.48,377.7,377.7,2078.0,4461361.0,1103,35488
romania,6,ER-S-Tree,1175.32,290.2,290.2,1122.0,1813307.0,1103,35488
romania,7,ER-S-Tree,722.67,235.8,235.8,1032.0,1318213.0,1103,35488
romania,8,ER-S-Tree,1219.44,201.5,201.5,1826.0,2197831.0,1103,35488
romania,9,ER-S-Tree,1090.82,172.4,172.4,1950.0,2040749.0,1103,35488
spain,10,ER-S-Tree,856.33,200.7,200.7,1441.0,1324907.0,1350,49934
spain,3,ER-S-Tree,326.85,1191.8,1191.8,39.0,380035.0,1350,49934
spain,4,ER-S-Tree,1541.01,777.8,777.8,571.0,2139964.0,1350,49934
spain,5,ER-S-Tree,1528.22,559.6,559.6,922.0,2122655.0,1350,49934
spain,6,ER-S-Tree,2770.24,442.4,442.4,1754.0,3558052.0,1350,49934
spain,7,ER-S-Tree,8954.22,359.6,359.6,6028.0,9180677.0,1350,49934
spain,8,ER-S-Tree,7700.3,295.4,295.4,6406.0,7347799.0,1350,49934
spain,9,ER-S-Tree,1151.62,235.6,235.6,1838.0,1726532.0,1350,49934
uk,10,ER-S-Tree,259.56,62.0,62.0,1601.0,771090.0,814,22199
uk,3,ER-S-Tree,774.19,348.0,348.0,574.0,1632787.0,814,22199
uk,4,ER-S-Tree,787.43,245.5,245.5,765.0,1698657.0,814,22199
uk,5,ER-S-Tree,1498.59,182.5,182.5,1606.0,3156241.0,814,22199
uk,6,ER-S-Tree,856.5,137.9,137.9,1471.0,1987378.0,814,22199
uk,7,ER-S-Tree,247.37,107.7,107.7,748.0,690808.0,814,22199
uk,8,ER-S-Tree,374.6,89.9,89.9,1479.0,1064315.0,814,22199
uk,9,ER-S-Tree,522.2,75.6,75.6,1938.0,1406602.0,814,22199
bulgaria,10,ER-S,8.54,78.6,78.6,371.0,52357.0,406,10237
bulgaria,10,D-Flow,18000.0,59.1,78.6,7044475.0,321207023.0,2138,6790
bulgaria,10,D-Tree,11.35,78.6,78.6,3050.0,55844.0,526,9977
bulgaria,3,ER-S,91.97,588.9,588.9,339.0,352992.0,406,10237
bulgaria,3,D-Flow,101.93,588.9,588.9,9055.0,1403649.0,906,2058
bulgaria,3,D-Tree,18000.0,287.8,588.9,2274573.0,160089050.0,526,9977
bulgaria,4,ER-S,124.9,388.4,388.4,919.0,447300.0,406,10237
bulgaria,4,D-Flow,271.07,388.4,388.4,50986.0,4751500.0,1082,2734
bulgaria,4,D-Tree,18000.0,262.8,388.4,4348805.0,181654375.0,526,9977
bulgaria,5,ER-S,379.42,295.7,295.7,2760.0,1071407.0,406,10237
bulgaria,5,D-Flow,1440.47,295.7,295.7,251007.0,21316679.0,1258,3410
bulgaria,5,D-Tree,18000.0,214.5,297.2,6035195.0,180612843.0,526,9977
bulgaria,6,ER-S,38.84,202.8,202.8,486.0,174915.0,406,10237
bulgaria,6,D-Flow,3759.51,202.8,202.8,764568.0,61345906.0,1434,4086
bulgaria,6,D-Tree,5605.67,202.8,202.8,2244104.0,56641315.0,526,9977
bulgaria,7,ER-S,16.14,149.9,149.9,279.0,93624.0,406,10237
bulgaria,7,D-Flow,4954.6,149.9,149.9,1256649.0,86078896.0,1610,4762
bulgaria,7,D-Tree,675.45,149.9,149.9,299818.0,6712760.0,526,9977
bulgaria,8,ER-S,7.96,114.9,114.9,174.0,43525.0,406,10237
bulgaria,8,D-Flow,9602.97,114.9,114.9,3840188.0,190240221.0,1786,5438
bulgaria,8,D-Tree,49.64,114.9,114.9,19009.0,412811.0,526,9977
bulgaria,9,ER-S,7.35,96.0,96.0,199.0,41119.0,406,10237
bulgaria,9,D-Flow,18000.0,70.7,96.0,6943538.0,334796632.0,1962,6114
bulgaria,9,D-Tree,29.27,96.0,96.0,10606.0,204399.0,526,9977
finnland,10,ER-S,0.12,7.7,7.7,1.0,385.0,190,3100
finnland,10,D-Flow,3.51,7.7,7.7,1375.0,60808.0,1371,3771
finnland,10,D-Tree,0.59,7.7,7.7,833.0,7826.0,272,3009
finnland,3,ER-S,1.17,116.4,116.4,11.0,5492.0,190,3100
finnland,3,D-Flow,0.99,116.4,116.4,209.0,16382.0,531,1146
finnland,3,D-Tree,188.16,116.4,116.4,125741.0,3489227.0,272,3009
finnland,4,ER-S,0.7,63.6,63.6,5.0,2964.0,190,3100
finnland,4,D-Flow,3.04,63.6,63.6,913.0,58100.0,651,1521
finnland,4,D-Tree,44.18,63.6,63.6,43259.0,682168.0,272,3009
finnland,5,ER-S,0.56,43.5,43.5,15.0,3103.0,190,3100
finnland,5,D-Flow,5.37,43.5,43.5,2576.0,95015.0,771,1896
finnland,5,D-Tree,17.16,43.5,43.5,13505.0,277543.0,272,3009
finnland,6,ER-S,0.57,28.4,28.4,1.0,2812.0,190,3100
finnland,6,D-Flow,3.97,28.4,28.4,1607.0,82053.0,891,2271
finnland,6,D-Tree,6.01,28.4,28.4,4261.0,68490.0,272,3009
finnland,7,ER-S,0.7,21.8,21.8,39.0,3471.0,190,3100
finnland,7,D-Flow,4.19,21.8,21.8,2003.0,90526.0,1011,2646
finnland,7,D-Tree,3.78,21.8,21.8,2193.0,33267.0,272,3009
finnland,8,ER-S,0.22,15.5,15.5,1.0,908.0,190,3100
finnland,8,D-Flow,6.8,15.5,15.5,2310.0,106690.0,1131,3021
finnland,8,D-Tree,2.23,15.5,15.5,2163.0,22270.0,272,3009
finnland,9,ER-S,0.2,11.3,11.3,1.0,914.0,190,3100
finnland,9,D-Flow,5.24,11.3,11.3,2237.0,86138.0,1251,3396
finnland,9,D-Tree,1.89,11.3,11.3,2708.0,25643.0,272,3009
germany,10,ER-S,428.52,43.5,43.5,3274.0,983287.0,780,28200
germany,10,D-Flow,18000.0,20.2,43.5,3950758.0,250739018.0,3321,11851
germany,10,D-Tree,18000.0,39.4,43.5,4793586.0,83041338.0,960,27637
germany,3,ER-S,23.04,291.2,291.2,1.0,53711.0,780,28200
germany,3,D-Flow,78.37,291.2,291.2,8971.0,1129060.0,1515,3584
germany,3,D-Tree,18000.0,59.7,406.2,1070234.0,92442537.0,960,27637
germany,4,ER-S,65.8,187.5,187.5,77.0,160965.0,780,28200
germany,4,D-Flow,608.38,187.5,187.5,32392.0,6366390.0,1773,4765
germany,4,D-Tree,18000.0,57.2,187.5,1780130.0,110805104.0,960,27637
germany,5,ER-S,121.6,135.9,135.9,305.0,322009.0,780,28200
germany,5,D-Flow,4290.5,135.9,135.9,383865.0,58331030.0,2031,5946
germany,5,D-Tree,18000.0,49.7,142.7,2215446.0,117848626.0,960,27637
germany,6,ER-S,32.52,91.1,91.1,103.0,86215.0,780,28200
germany,6,D-Flow,7684.89,91.1,91.1,1146607.0,120639169.0,2289,7127
germany,6,D-Tree,18000.0,50.1,91.1,2931703.0,108199015.0,960,27637
germany,7,ER-S,200.69,72.4,72.4,1242.0,481242.0,780,28200
germany,7,D-Flow,18000.0,57.4,72.4,4479428.0,298220053.0,2547,8308
germany,7,D-Tree,18000.0,44.4,72.4,3168478.0,104611636.0,960,27637
germany,8,ER-S,109.43,59.0,59.0,788.0,306723.0,780,28200
germany,8,D-Flow,18000.0,36.0,59.0,3100385.0,268650145.0,2805,9489
germany,8,D-Tree,18000.0,44.5,59.0,3099066.0,88250379.0,960,27637
germany,9,ER-S,377.07,50.5,50.5,2475.0,711444.0,780,28200
germany,9,D-Flow,18000.0,26.9,50.5,4073240.0,258567831.0,3063,10670
germany,9,D-Tree,18000.01,35.7,50.5,5076725.0,68599468.0,960,27637
greece,10,ER-S,360.98,186.3,186.3,1524.0,718474.0,741,26052
greece,10,D-Flow,18000.0,54.1,188.1,3436740.0,231889161.0,2883,10690
greece,10,D-Tree,1202.34,186.3,186.3,289091.0,6470426.0,883,25489
greece,3,ER-S,393.72,979.8,979.8,284.0,675072.0,741,26052
greece,3,D-Flow,428.34,979.8,979.8,8722.0,3229529.0,1357,3235
greece,3,D-Tree,18000.0,376.7,979.8,1159772.0,87411734.0,883,25489
greece,4,ER-S,1311.11,716.9,716.9,1444.0,2139303.0,741,26052
greece,4,D-Flow,695.53,716.9,716.9,89642.0,8544460.0,1575,4300
greece,4,D-Tree,18000.0,360.6,716.9,1629298.0,97416262.0,883,25489
greece,5,ER-S,309.93,500.5,500.5,494.0,587229.0,741,26052
greece,5,D-Flow,1574.56,500.5,500.5,114872.0,19517079.0,1793,5365
greece,5,D-Tree,18000.0,305.0,500.5,1905953.0,116407777.0,883,25489
greece,6,ER-S,355.58,395.7,395.7,729.0,624737.0,741,26052
greece,6,D-Flow,6985.7,395.7,395.7,1045988.0,104058429.0,2011,6430
greece,6,D-Tree,18000.0,269.3,395.7,2737056.0,118283844.0,883,25489
greece,7,ER-S,402.11,316.5,316.5,1239.0,715763.0,741,26052
greece,7,D-Flow,18000.0,230.2,316.5,2605875.0,275333879.0,2229,7495
greece,7,D-Tree,18000.0,265.1,316.5,2921042.0,96836933.0,883,25489
greece,8,ER-S,1027.81,265.6,265.6,2568.0,1774909.0,741,26052
greece,8,D-Flow,18000.0,105.2,271.5,2747300.0,265100015.0,2447,8560
greece,8,D-Tree,18000.0,235.9,265.6,3491250.0,109022791.0,883,25489
greece,9,ER-S,604.7,220.6,220.6,1765.0,1182902.0,741,26052
greece,9,D-Flow,18000.0,54.0,220.6,2627629.0,229742217.0,2665,9625
greece,9,D-Tree,7357.73,220.6,220.6,1595250.0,41044366.0,883,25489
romania,10,ER-S,18000.01,145.1,148.1,23073.0,15680811.0,903,35346
romania,10,D-Flow,18000.0,23.4,151.0,2271758.0,208940726.0,3701,13514
romania,10,D-Tree,18000.0,113.8,148.1,2361925.0,81008788.0,1103,34683
romania,3,ER-S,15003.73,764.8,764.8,2955.0,14269559.0,903,35346
romania,3,D-Flow,18000.0,594.7,766.4,671507.0,212925619.0,1713,4085
romania,3,D-Tree,18000.0,153.0,1e+100,3001685.0,154445162.0,1103,34683
romania,4,ER-S,18000.0,488.7,514.3,4653.0,13201566.0,903,35346
romania,4,D-Flow,18000.0,259.9,514.3,511573.0,189455699.0,1997,5432
romania,4,D-Tree,18000.0,159.6,631.8,1749478.0,119031798.0,1103,34683
romania,5,ER-S,14632.75,377.7,377.7,4903.0,10546353.0,903,35346
romania,5,D-Flow,18000.0,161.5,377.7,402702.0,155601586.0,2281,6779
romania,5,D-Tree,18000.01,135.8,453.1,4141218.0,116837920.0,1103,34683
romania,6,ER-S,2639.39,290.2,290.2,2001.0,2745784.0,903,35346
romania,6,D-Flow,18000.0,96.5,290.2,416034.0,148304586.0,2565,8126
romania,6,D-Tree,18000.0,148.2,357.8,2089242.0,102481533.0,1103,34683
romania,7,ER-S,8809.66,235.8,235.8,6338.0,8761550.0,903,35346
romania,7,D-Flow,18000.0,61.7,238.1,1049839.0,184719791.0,2849,9473
romania,7,D-Tree,18000.0,120.4,238.1,5038733.0,102643542.0,1103,34683
romania,8,ER-S,18000.0,199.5,201.5,14677.0,16624863.0,903,35346
romania,8,D-Flow,18000.0,37.8,202.7,1678006.0,237495127.0,3133,10820
romania,8,D-Tree,18000.0,127.3,201.5,2293199.0,90266567.0,1103,34683
romania,9,ER-S,16746.33,172.4,172.4,15390.0,16214403.0,903,35346
romania,9,D-Flow,18000.0,23.5,172.4,1558399.0,225041130.0,3417,12167
romania,9,D-Tree,18000.01,118.5,172.4,2593719.0,84124610.0,1103,34683
spain,10,ER-S,2945.97,200.7,200.7,4714.0,2642820.0,1128,49776
spain,10,D-Flow,18000.0,36.1,206.7,1295678.0,196584834.0,4241,16259
spain,10,D-Tree,18000.0,119.2,200.7,1900871.0,68285873.0,1350,48915
spain,3,ER-S,345.95,1191.8,1191.8,43.0,401644.0,1128,49776
spain,3,D-Flow,1567.02,1191.8,1191.8,34745.0,12422007.0,2029,4912
spain,3,D-Tree,18000.0,182.1,1e+100,791279.0,83941952.0,1350,48915
spain,4,ER-S,1208.84,777.8,777.8,496.0,1576161.0,1128,49776
spain,4,D-Flow,18000.0,587.7,794.1,451985.0,163681480.0,2345,6533
spain,4,D-Tree,18000.0,170.4,1e+100,952969.0,92303454.0,1350,48915
spain,5,ER-S,1243.61,559.6,559.6,716.0,1561849.0,1128,49776
spain,5,D-Flow,18000.0,313.2,559.6,335823.0,139657933.0,2661,8154
spain,5,D-Tree,18000.0,159.0,651.0,1027136.0,62964557.0,1350,48915
spain,6,ER-S,7313.83,442.4,442.4,3706.0,5818329.0,1128,49776
spain,6,D-Flow,18000.0,188.0,442.4,375846.0,144683935.0,2977,9775
spain,6,D-Tree,18000.0,148.8,541.8,1071543.0,62295719.0,1350,48915
spain,7,ER-S,16194.48,359.6,359.6,13563.0,15520814.0,1128,49776
spain,7,D-Flow,18000.0,101.0,372.2,1128325.0,194726359.0,3293,11396
spain,7,"D-Tree",18000.01,144.10,417.50,1252890.00,78615082.00,1350,48915
spain,8,ER-S,18000.0,287.3,295.4,17011.0,17502149.0,1128,49776
spain,8,D-Flow,18000.0,71.4,303.2,2439187.0,245336248.0,3609,13017
spain,8,"D-Tree",18000.00,129.50,327.70,1539857.00,65537710.00,1350,48915
spain,9,ER-S,1922.54,235.6,235.6,2170.0,1936652.0,1128,49776
spain,9,D-Flow,18000.0,59.3,235.6,1011162.0,188882287.0,3925,14638
spain,9,D-Tree,18000.0,123.9,235.6,1999711.0,67885469.0,1350,48915
uk,10,ER-S,925.93,62.0,62.0,3298.0,1891600.0,666,22089
uk,10,D-Flow,18000.0,19.7,62.2,3735173.0,240981175.0,2830,10038
uk,10,D-Tree,18000.0,50.1,62.0,4967289.0,93838518.0,814,21605
uk,3,ER-S,852.03,348.0,348.0,691.0,1605281.0,666,22089
uk,3,D-Flow,3600.65,348.0,348.0,58675.0,24742099.0,1290,3038
uk,3,D-Tree,18000.0,92.5,386.9,1090785.0,103831582.0,814,21605
uk,4,ER-S,938.91,245.5,245.5,954.0,1607905.0,666,22089
uk,4,D-Flow,8015.73,245.5,245.5,1177164.0,123653317.0,1510,4038
uk,4,D-Tree,18000.0,80.7,245.5,1604647.0,116504818.0,814,21605
uk,5,ER-S,1665.79,182.5,182.5,1873.0,2649227.0,666,22089
uk,5,D-Flow,18000.0,157.2,182.5,1994489.0,233450755.0,1730,5038
uk,5,D-Tree,18000.0,81.1,182.5,1974995.0,122664336.0,814,21605
uk,6,ER-S,809.84,137.9,137.9,1573.0,1516420.0,666,22089
uk,6,D-Flow,18000.0,100.6,137.9,2495924.0,284501528.0,1950,6038
uk,6,D-Tree,18000.0,59.1,137.9,5971309.0,153584354.0,814,21605
uk,7,ER-S,393.71,107.7,107.7,1064.0,787652.0,666,22089
uk,7,D-Flow,18000.0,54.5,107.8,1860623.0,254978190.0,2170,7038
uk,7,D-Tree,18000.0,62.9,107.7,3713331.0,129993299.0,814,21605
uk,8,ER-S,1097.35,89.9,89.9,2530.0,1739234.0,666,22089
uk,8,D-Flow,18000.0,34.2,89.9,2597192.0,261433178.0,2390,8038
uk,8,D-Tree,18000.0,60.4,89.9,3478109.0,121617868.0,814,21605
uk,9,ER-S,1615.26,75.6,75.6,4820.0,2342450.0,666,22089
uk,9,D-Flow,18000.0,25.1,75.7,3946701.0,288078385.0,2610,9038
uk,9,D-Tree,18000.0,55.2,75.6,4242180.0,116943780.0,814,21605

