instance,k,model,runtime,lb,ub,bb-nodes,simplex-iter,num-vars,num-constrs
sar-size4-roh0p,10,ER-S-Tree,0.02,15.63,15.63,1.0,95.0,184,1859
sar-size4-roh0p,3,ER-S-Tree,0.61,248.43,248.43,30.0,4624.0,184,1859
sar-size4-roh0p,4,ER-S-Tree,0.25,156.0,156.0,1.0,1456.0,184,1859
sar-size4-roh0p,5,ER-S-Tree,0.07,92.54,92.54,1.0,283.0,184,1859
sar-size4-roh0p,6,ER-S-Tree,0.07,66.22,66.22,1.0,346.0,184,1859
sar-size4-roh0p,7,ER-S-Tree,0.02,42.52,42.52,1.0,123.0,184,1859
sar-size4-roh0p,8,ER-S-Tree,0.02,30.74,30.74,1.0,111.0,184,1859
sar-size4-roh0p,9,ER-S-Tree,0.02,22.58,22.58,1.0,105.0,184,1859
sar-size4-roh30p,10,ER-S-Tree,0.01,10.66,10.66,1.0,89.0,184,1859
sar-size4-roh30p,3,ER-S-Tree,0.12,229.23,229.24,1.0,749.0,184,1859
sar-size4-roh30p,4,ER-S-Tree,0.03,123.72,123.72,1.0,285.0,184,1859
sar-size4-roh30p,5,ER-S-Tree,0.02,78.03,78.03,1.0,173.0,184,1859
sar-size4-roh30p,6,ER-S-Tree,0.02,52.22,52.22,1.0,136.0,184,1859
sar-size4-roh30p,7,ER-S-Tree,0.02,37.36,37.36,1.0,122.0,184,1859
sar-size4-roh30p,8,ER-S-Tree,0.01,22.96,22.96,1.0,106.0,184,1859
sar-size4-roh30p,9,ER-S-Tree,0.01,16.75,16.75,1.0,86.0,184,1859
sar-size4-roh60p,10,ER-S-Tree,0.01,5.82,5.82,1.0,56.0,184,1859
sar-size4-roh60p,3,ER-S-Tree,0.37,229.79,229.79,17.0,2639.0,184,1859
sar-size4-roh60p,4,ER-S-Tree,0.24,150.13,150.13,1.0,1225.0,184,1859
sar-size4-roh60p,5,ER-S-Tree,0.08,103.09,103.09,1.0,497.0,184,1859
sar-size4-roh60p,6,ER-S-Tree,0.05,73.82,73.82,1.0,307.0,184,1859
sar-size4-roh60p,7,ER-S-Tree,0.03,48.48,48.48,1.0,197.0,184,1859
sar-size4-roh60p,8,ER-S-Tree,0.01,29.1,29.1,1.0,133.0,184,1859
sar-size4-roh60p,9,ER-S-Tree,0.01,13.46,13.46,1.0,85.0,184,1859
sar-size4-roh90p,10,ER-S-Tree,0.01,15.92,15.92,1.0,67.0,184,1859
sar-size4-roh90p,3,ER-S-Tree,0.39,314.44,314.47,1.0,1836.0,184,1859
sar-size4-roh90p,4,ER-S-Tree,0.52,212.42,212.42,11.0,1959.0,184,1859
sar-size4-roh90p,5,ER-S-Tree,0.13,141.42,141.42,1.0,758.0,184,1859
sar-size4-roh90p,6,ER-S-Tree,0.03,85.45,85.45,1.0,159.0,184,1859
sar-size4-roh90p,7,ER-S-Tree,0.01,56.51,56.51,1.0,100.0,184,1859
sar-size4-roh90p,8,ER-S-Tree,0.01,44.21,44.21,1.0,88.0,184,1859
sar-size4-roh90p,9,ER-S-Tree,0.02,28.22,28.22,1.0,97.0,184,1859
sar-size5-roh0p,10,ER-S-Tree,0.11,91.15,91.15,1.0,456.0,405,7293
sar-size5-roh0p,3,ER-S-Tree,5.05,619.28,619.28,17.0,22245.0,405,7293
sar-size5-roh0p,4,ER-S-Tree,7.77,451.08,451.08,112.0,50274.0,405,7293
sar-size5-roh0p,5,ER-S-Tree,3.46,311.59,311.59,1.0,14757.0,405,7293
sar-size5-roh0p,6,ER-S-Tree,2.38,247.89,247.89,39.0,12398.0,405,7293
sar-size5-roh0p,7,ER-S-Tree,0.52,191.14,191.14,1.0,3266.0,405,7293
sar-size5-roh0p,8,ER-S-Tree,0.63,151.06,151.06,1.0,2929.0,405,7293
sar-size5-roh0p,9,ER-S-Tree,0.2,113.71,113.71,1.0,681.0,405,7293
sar-size5-roh30p,10,ER-S-Tree,0.12,83.75,83.75,1.0,508.0,405,7293
sar-size5-roh30p,3,ER-S-Tree,12.47,644.22,644.22,105.0,71419.0,405,7293
sar-size5-roh30p,4,ER-S-Tree,0.67,330.12,330.14,1.0,4441.0,405,7293
sar-size5-roh30p,5,ER-S-Tree,2.08,265.15,265.15,43.0,10973.0,405,7293
sar-size5-roh30p,6,ER-S-Tree,0.92,201.96,201.96,1.0,4135.0,405,7293
sar-size5-roh30p,7,ER-S-Tree,0.26,151.3,151.3,1.0,964.0,405,7293
sar-size5-roh30p,8,ER-S-Tree,0.18,123.57,123.57,1.0,649.0,405,7293
sar-size5-roh30p,9,ER-S-Tree,0.15,101.36,101.36,1.0,516.0,405,7293
sar-size5-roh60p,10,ER-S-Tree,0.11,82.16,82.16,1.0,432.0,405,7293
sar-size5-roh60p,3,ER-S-Tree,0.7,479.24,479.24,1.0,3271.0,405,7293
sar-size5-roh60p,4,ER-S-Tree,0.55,305.91,305.93,1.0,1947.0,405,7293
sar-size5-roh60p,5,ER-S-Tree,0.98,236.02,236.02,1.0,4297.0,405,7293
sar-size5-roh60p,6,ER-S-Tree,0.68,188.43,188.43,1.0,3120.0,405,7293
sar-size5-roh60p,7,ER-S-Tree,0.37,150.96,150.96,1.0,1528.0,405,7293
sar-size5-roh60p,8,ER-S-Tree,0.26,121.36,121.36,1.0,874.0,405,7293
sar-size5-roh60p,9,ER-S-Tree,0.18,100.75,100.75,1.0,691.0,405,7293
sar-size5-roh90p,10,ER-S-Tree,0.06,94.79,94.79,1.0,263.0,405,7293
sar-size5-roh90p,3,ER-S-Tree,6.46,860.48,860.48,29.0,30272.0,405,7293
sar-size5-roh90p,4,ER-S-Tree,3.63,549.19,549.19,1.0,14460.0,405,7293
sar-size5-roh90p,5,ER-S-Tree,4.03,393.64,393.64,28.0,19729.0,405,7293
sar-size5-roh90p,6,ER-S-Tree,2.55,270.26,270.26,53.0,15443.0,405,7293
sar-size5-roh90p,7,ER-S-Tree,0.21,184.52,184.52,1.0,1219.0,405,7293
sar-size5-roh90p,8,ER-S-Tree,0.15,140.85,140.85,1.0,689.0,405,7293
sar-size5-roh90p,9,ER-S-Tree,0.07,109.83,109.83,1.0,341.0,405,7293
sar-size6-roh0p,10,ER-S-Tree,3.92,220.95,220.95,1.0,13257.0,786,22185
sar-size6-roh0p,3,ER-S-Tree,2257.07,1349.31,1349.31,2072.0,3742930.0,786,22185
sar-size6-roh0p,4,ER-S-Tree,2528.45,939.96,939.96,2528.0,3987319.0,786,22185
sar-size6-roh0p,5,ER-S-Tree,305.68,654.37,654.37,702.0,714119.0,786,22185
sar-size6-roh0p,6,ER-S-Tree,32.94,486.66,486.66,63.0,97666.0,786,22185
sar-size6-roh0p,7,ER-S-Tree,23.46,387.41,387.41,79.0,83747.0,786,22185
sar-size6-roh0p,8,ER-S-Tree,27.37,324.43,324.43,129.0,99732.0,786,22185
sar-size6-roh0p,9,ER-S-Tree,23.07,270.65,270.65,122.0,88224.0,786,22185
sar-size6-roh30p,10,ER-S-Tree,2.53,264.41,264.41,1.0,8154.0,786,22185
sar-size6-roh30p,3,ER-S-Tree,2954.76,1767.77,1767.77,2702.0,5305223.0,786,22185
sar-size6-roh30p,4,ER-S-Tree,23.0,1025.62,1025.72,1.0,59750.0,786,22185
sar-size6-roh30p,5,ER-S-Tree,33.16,761.54,761.54,117.0,98983.0,786,22185
sar-size6-roh30p,6,ER-S-Tree,91.77,615.47,615.47,342.0,287329.0,786,22185
sar-size6-roh30p,7,ER-S-Tree,28.94,501.98,501.98,120.0,114875.0,786,22185
sar-size6-roh30p,8,ER-S-Tree,14.83,409.18,409.18,71.0,57524.0,786,22185
sar-size6-roh30p,9,ER-S-Tree,6.48,327.55,327.55,1.0,21541.0,786,22185
sar-size6-roh60p,10,ER-S-Tree,1.57,252.38,252.38,1.0,3925.0,786,22185
sar-size6-roh60p,3,ER-S-Tree,150.3,1774.52,1774.52,143.0,373839.0,786,22185
sar-size6-roh60p,4,ER-S-Tree,684.95,1231.99,1232.06,1237.0,1655525.0,786,22185
sar-size6-roh60p,5,ER-S-Tree,1018.77,911.69,911.69,2470.0,2518648.0,786,22185
sar-size6-roh60p,6,ER-S-Tree,30.16,615.38,615.38,75.0,100318.0,786,22185
sar-size6-roh60p,7,ER-S-Tree,7.5,453.56,453.59,1.0,26759.0,786,22185
sar-size6-roh60p,8,ER-S-Tree,4.85,367.38,367.38,1.0,15971.0,786,22185
sar-size6-roh60p,9,ER-S-Tree,3.48,308.87,308.87,1.0,10907.0,786,22185
sar-size6-roh90p,10,ER-S-Tree,0.57,191.79,191.79,1.0,1462.0,786,22185
sar-size6-roh90p,3,ER-S-Tree,1071.71,1641.43,1641.43,2939.0,2445153.0,786,22185
sar-size6-roh90p,4,ER-S-Tree,547.69,1039.64,1039.64,1461.0,1299967.0,786,22185
sar-size6-roh90p,5,ER-S-Tree,24.3,668.48,668.48,23.0,71626.0,786,22185
sar-size6-roh90p,6,ER-S-Tree,5.4,481.93,481.95,1.0,18078.0,786,22185
sar-size6-roh90p,7,ER-S-Tree,4.34,377.45,377.45,1.0,13797.0,786,22185
sar-size6-roh90p,8,ER-S-Tree,4.57,297.93,297.93,1.0,13879.0,786,22185
sar-size6-roh90p,9,ER-S-Tree,1.35,237.36,237.36,1.0,4881.0,786,22185
sar-size7-roh0p,10,ER-S-Tree,385.03,535.4,535.4,329.0,612095.0,1393,56633
sar-size7-roh0p,3,ER-S-Tree,18000.04,2592.46,2763.55,1958.0,13649922.0,1393,56633
sar-size7-roh0p,4,ER-S-Tree,18000.0,1817.14,1913.77,2683.0,13286223.0,1393,56633
sar-size7-roh0p,5,ER-S-Tree,15188.95,1406.28,1406.28,2657.0,9846801.0,1393,56633
sar-size7-roh0p,6,ER-S-Tree,1682.89,1079.67,1079.7,492.0,1707453.0,1393,56633
sar-size7-roh0p,7,ER-S-Tree,7400.82,906.01,906.01,2162.0,6049164.0,1393,56633
sar-size7-roh0p,8,ER-S-Tree,5332.83,756.65,756.65,1906.0,4979630.0,1393,56633
sar-size7-roh0p,9,ER-S-Tree,447.97,617.86,617.86,325.0,647247.0,1393,56633
sar-size7-roh30p,10,ER-S-Tree,249.53,594.75,594.75,173.0,421572.0,1393,56633
sar-size7-roh30p,3,ER-S-Tree,18000.0,2823.13,3116.57,2126.0,15643026.0,1393,56633
sar-size7-roh30p,4,ER-S-Tree,18000.08,2024.1,2094.72,2594.0,14141988.0,1393,56633
sar-size7-roh30p,5,ER-S-Tree,18000.04,1514.24,1617.61,3447.0,13770259.0,1393,56633
sar-size7-roh30p,6,ER-S-Tree,18000.0,1236.28,1279.93,3821.0,14353952.0,1393,56633
sar-size7-roh30p,7,ER-S-Tree,18000.0,1009.12,1048.88,3920.0,12761007.0,1393,56633
sar-size7-roh30p,8,ER-S-Tree,11435.34,856.6,856.68,2947.0,8837474.0,1393,56633
sar-size7-roh30p,9,ER-S-Tree,585.35,695.87,695.87,314.0,815717.0,1393,56633
sar-size7-roh60p,10,ER-S-Tree,323.36,482.36,482.36,414.0,642801.0,1393,56633
sar-size7-roh60p,3,ER-S-Tree,15348.45,2439.55,2439.55,1837.0,12567343.0,1393,56633
sar-size7-roh60p,4,ER-S-Tree,7549.17,1680.58,1680.58,1562.0,6299884.0,1393,56633
sar-size7-roh60p,5,ER-S-Tree,1591.97,1210.27,1210.27,519.0,1791339.0,1393,56633
sar-size7-roh60p,6,ER-S-Tree,3438.08,972.95,972.95,1672.0,3908091.0,1393,56633
sar-size7-roh60p,7,ER-S-Tree,4318.91,803.74,803.74,2021.0,4969001.0,1393,56633
sar-size7-roh60p,8,ER-S-Tree,830.86,652.33,652.33,649.0,1255566.0,1393,56633
sar-size7-roh60p,9,ER-S-Tree,859.22,558.77,558.77,890.0,1403191.0,1393,56633
sar-size7-roh90p,10,ER-S-Tree,89.37,702.49,702.49,137.0,176922.0,1393,56633
sar-size7-roh90p,3,ER-S-Tree,7894.15,4567.87,4567.88,707.0,7358906.0,1393,56633
sar-size7-roh90p,4,ER-S-Tree,14821.58,2981.57,2981.79,2057.0,11740370.0,1393,56633
sar-size7-roh90p,5,ER-S-Tree,18000.0,2048.94,2148.17,3948.0,14421220.0,1393,56633
sar-size7-roh90p,6,ER-S-Tree,11095.24,1592.27,1592.27,3614.0,9779026.0,1393,56633
sar-size7-roh90p,7,ER-S-Tree,2905.39,1241.79,1241.79,1785.0,3561161.0,1393,56633
sar-size7-roh90p,8,ER-S-Tree,1408.61,1023.87,1023.87,1477.0,2198349.0,1393,56633
sar-size7-roh90p,9,ER-S-Tree,327.62,840.1,840.1,347.0,546864.0,1393,56633
sar-size8-roh0p,10,ER-S-Tree,18000.0,1190.21,1207.75,1414.0,9676738.0,2304,127251
sar-size8-roh0p,3,ER-S-Tree,18000.01,4985.74,7052.4,312.0,6726432.0,2304,127251
sar-size8-roh0p,4,ER-S-Tree,18000.0,3569.06,6748.73,423.0,6690521.0,2304,127251
sar-size8-roh0p,5,ER-S-Tree,18000.18,2784.36,4012.07,608.0,6381810.0,2304,127251
sar-size8-roh0p,6,ER-S-Tree,18000.01,2264.48,2406.6,720.0,7569165.0,2304,127251
sar-size8-roh0p,7,ER-S-Tree,18000.0,1876.03,2011.47,729.0,6782745.0,2304,127251
sar-size8-roh0p,8,ER-S-Tree,18000.0,1596.82,1699.47,947.0,8529032.0,2304,127251
sar-size8-roh0p,9,ER-S-Tree,18000.0,1372.4,1446.53,1160.0,9307196.0,2304,127251
sar-size8-roh30p,10,ER-S-Tree,18000.01,1316.56,1332.66,1566.0,9435581.0,2304,127251
sar-size8-roh30p,3,ER-S-Tree,18000.01,5332.67,6276.32,322.0,6706555.0,2304,127251
sar-size8-roh30p,4,ER-S-Tree,18000.0,3801.84,4202.35,492.0,6773179.0,2304,127251
sar-size8-roh30p,5,ER-S-Tree,18000.0,2976.16,3325.59,636.0,6935152.0,2304,127251
sar-size8-roh30p,6,ER-S-Tree,18000.0,2436.71,2676.97,744.0,7090854.0,2304,127251
sar-size8-roh30p,7,ER-S-Tree,18000.01,2037.86,2173.7,821.0,7558096.0,2304,127251
sar-size8-roh30p,8,ER-S-Tree,18000.0,1734.91,1806.42,1153.0,9020772.0,2304,127251
sar-size8-roh30p,9,ER-S-Tree,12743.91,1496.87,1496.87,793.0,6439112.0,2304,127251
sar-size8-roh60p,10,ER-S-Tree,18000.01,1244.06,1312.02,1517.0,10751511.0,2304,127251
sar-size8-roh60p,3,ER-S-Tree,18000.01,5734.72,9076.03,287.0,6865220.0,2304,127251
sar-size8-roh60p,4,ER-S-Tree,18000.0,4059.69,5082.09,530.0,7038605.0,2304,127251
sar-size8-roh60p,5,ER-S-Tree,18000.01,3078.19,3663.09,575.0,6884632.0,2304,127251
sar-size8-roh60p,6,ER-S-Tree,18000.01,2459.39,2707.78,718.0,7564606.0,2304,127251
sar-size8-roh60p,7,ER-S-Tree,18000.0,2018.97,2171.89,839.0,7794917.0,2304,127251
sar-size8-roh60p,8,ER-S-Tree,18000.0,1680.71,1811.76,1015.0,8783567.0,2304,127251
sar-size8-roh60p,9,ER-S-Tree,18000.0,1429.38,1537.34,1397.0,10160248.0,2304,127251
sar-size8-roh90p,10,ER-S-Tree,18000.0,1132.24,1163.47,1959.0,11452887.0,2304,127251
sar-size8-roh90p,3,ER-S-Tree,18000.0,5908.83,8205.28,275.0,7349213.0,2304,127251
sar-size8-roh90p,4,ER-S-Tree,18000.0,3958.06,4858.57,425.0,7522613.0,2304,127251
sar-size8-roh90p,5,ER-S-Tree,18000.0,2981.67,3540.83,703.0,7059598.0,2304,127251
sar-size8-roh90p,6,ER-S-Tree,18000.01,2338.62,2717.08,831.0,8010596.0,2304,127251
sar-size8-roh90p,7,ER-S-Tree,18000.01,1891.55,2140.85,806.0,7911716.0,2304,127251
sar-size8-roh90p,8,ER-S-Tree,18000.0,1573.11,1698.1,1190.0,9667998.0,2304,127251
sar-size8-roh90p,9,ER-S-Tree,18000.01,1329.74,1422.37,1576.0,10794639.0,2304,127251
sar-size9-roh0p,10,ER-S-Tree,18000.02,1641.86,2516.69,171.0,3890179.0,3609,259509
sar-size9-roh0p,3,ER-S-Tree,18000.01,6370.68,27711.16,6.0,3427514.0,3609,259509
sar-size9-roh0p,4,ER-S-Tree,18000.01,4586.93,26422.88,17.0,3264640.0,3609,259509
sar-size9-roh0p,5,ER-S-Tree,18000.01,3611.8,23902.28,23.0,2726345.0,3609,259509
sar-size9-roh0p,6,ER-S-Tree,18000.01,2952.78,4427.37,53.0,3195393.0,3609,259509
sar-size9-roh0p,7,ER-S-Tree,18000.01,2488.21,15585.68,44.0,2929222.0,3609,259509
sar-size9-roh0p,8,ER-S-Tree,18000.01,2126.68,2491.31,100.0,3307901.0,3609,259509
sar-size9-roh0p,9,ER-S-Tree,18000.01,1860.33,2257.66,122.0,3749063.0,3609,259509
sar-size9-roh30p,10,ER-S-Tree,18000.01,1663.1,1980.77,154.0,3971336.0,3609,259509
sar-size9-roh30p,3,ER-S-Tree,18000.01,6579.82,31867.45,1.0,3712741.0,3609,259509
sar-size9-roh30p,4,ER-S-Tree,18000.01,4725.97,26771.57,10.0,3071481.0,3609,259509
sar-size9-roh30p,5,ER-S-Tree,18000.01,3710.21,24418.9,26.0,2869733.0,3609,259509
sar-size9-roh30p,6,ER-S-Tree,18000.01,3034.77,19550.18,74.0,3486054.0,3609,259509
sar-size9-roh30p,7,ER-S-Tree,18000.01,2524.54,6057.12,64.0,2815720.0,3609,259509
sar-size9-roh30p,8,ER-S-Tree,18000.03,2176.46,2865.63,109.0,3258473.0,3609,259509
sar-size9-roh30p,9,ER-S-Tree,18000.01,1876.45,3003.0,176.0,4453229.0,3609,259509
sar-size9-roh60p,10,ER-S-Tree,18000.01,1643.27,1798.9,153.0,3791442.0,3609,259509
sar-size9-roh60p,3,ER-S-Tree,18000.01,6969.17,34800.02,1.0,4079336.0,3609,259509
sar-size9-roh60p,4,ER-S-Tree,18000.01,4986.72,30773.68,1.0,2922705.0,3609,259509
sar-size9-roh60p,5,ER-S-Tree,18000.01,3841.59,28023.08,7.0,2590708.0,3609,259509
sar-size9-roh60p,6,ER-S-Tree,18000.0,3105.96,13480.52,40.0,3088499.0,3609,259509
sar-size9-roh60p,7,ER-S-Tree,18000.07,2575.71,6057.45,44.0,2864182.0,3609,259509
sar-size9-roh60p,8,ER-S-Tree,18000.01,2169.08,2722.66,81.0,3464153.0,3609,259509
sar-size9-roh60p,9,ER-S-Tree,18000.01,1875.8,2027.14,133.0,4030978.0,3609,259509
sar-size9-roh90p,10,ER-S-Tree,18000.01,2100.26,2188.39,445.0,5369220.0,3609,259509
sar-size9-roh90p,3,ER-S-Tree,18000.01,10231.97,57636.52,16.0,3646976.0,3609,259509
sar-size9-roh90p,4,ER-S-Tree,18000.01,6846.62,9044.52,78.0,4206254.0,3609,259509
sar-size9-roh90p,5,ER-S-Tree,18000.01,5143.4,6083.49,117.0,4062797.0,3609,259509
sar-size9-roh90p,6,ER-S-Tree,18000.01,4079.92,5664.49,200.0,5029420.0,3609,259509
sar-size9-roh90p,7,ER-S-Tree,18000.01,3374.45,7247.76,219.0,4065252.0,3609,259509
sar-size9-roh90p,8,ER-S-Tree,18000.01,2835.54,3794.86,227.0,4671199.0,3609,259509
sar-size9-roh90p,9,ER-S-Tree,18000.01,2435.06,2763.84,359.0,5479281.0,3609,259509
sar-size4-roh0p,10,ER-S,0.01,15.63,15.63,1.0,28.0,136,1819
sar-size4-roh0p,10,D-Flow,0.62,15.63,15.63,159.0,10625.0,920,2518
sar-size4-roh0p,10,D-Tree,0.02,15.63,15.63,1.0,135.0,184,1745
sar-size4-roh0p,3,ER-S,0.89,248.43,248.43,49.0,8154.0,136,1819
sar-size4-roh0p,3,D-Flow,1.49,248.43,248.43,762.0,38275.0,360,768
sar-size4-roh0p,3,D-Tree,1.17,248.43,248.43,1646.0,20667.0,184,1745
sar-size4-roh0p,4,ER-S,0.53,156.0,156.0,29.0,4343.0,136,1819
sar-size4-roh0p,4,D-Flow,3.86,156.0,156.0,3485.0,99186.0,440,1018
sar-size4-roh0p,4,D-Tree,0.34,156.0,156.0,491.0,5761.0,184,1745
sar-size4-roh0p,5,ER-S,0.15,92.54,92.54,1.0,746.0,136,1819
sar-size4-roh0p,5,D-Flow,2.05,92.54,92.54,1113.0,55565.0,520,1268
sar-size4-roh0p,5,D-Tree,0.1,92.54,92.54,35.0,652.0,184,1745
sar-size4-roh0p,6,ER-S,0.14,66.22,66.22,1.0,702.0,136,1819
sar-size4-roh0p,6,D-Flow,2.42,66.22,66.22,1381.0,62035.0,600,1518
sar-size4-roh0p,6,D-Tree,0.09,66.22,66.22,19.0,459.0,184,1745
sar-size4-roh0p,7,ER-S,0.02,42.52,42.52,1.0,51.0,136,1819
sar-size4-roh0p,7,D-Flow,1.25,42.52,42.52,592.0,25957.0,680,1768
sar-size4-roh0p,7,D-Tree,0.09,42.52,42.52,1.0,242.0,184,1745
sar-size4-roh0p,8,ER-S,0.01,30.74,30.74,1.0,20.0,136,1819
sar-size4-roh0p,8,D-Flow,1.13,30.74,30.74,545.0,20685.0,760,2018
sar-size4-roh0p,8,D-Tree,0.03,30.74,30.74,1.0,152.0,184,1745
sar-size4-roh0p,9,ER-S,0.02,22.58,22.58,1.0,18.0,136,1819
sar-size4-roh0p,9,D-Flow,0.74,22.58,22.58,292.0,13843.0,840,2268
sar-size4-roh0p,9,D-Tree,0.03,22.58,22.58,1.0,139.0,184,1745
sar-size4-roh30p,10,ER-S,0.01,10.66,10.66,1.0,35.0,136,1819
sar-size4-roh30p,10,D-Flow,0.84,10.66,10.66,206.0,16450.0,920,2518
sar-size4-roh30p,10,D-Tree,0.02,10.66,10.66,1.0,134.0,184,1745
sar-size4-roh30p,3,ER-S,0.41,229.24,229.24,1.0,2088.0,136,1819
sar-size4-roh30p,3,D-Flow,0.91,229.24,229.24,307.0,18365.0,360,768
sar-size4-roh30p,3,D-Tree,0.45,229.24,229.24,416.0,7643.0,184,1745
sar-size4-roh30p,4,ER-S,0.14,123.72,123.72,1.0,746.0,136,1819
sar-size4-roh30p,4,D-Flow,1.01,123.71,123.72,553.0,26836.0,440,1018
sar-size4-roh30p,4,D-Tree,0.11,123.72,123.72,88.0,1470.0,184,1745
sar-size4-roh30p,5,ER-S,0.07,78.03,78.03,1.0,391.0,136,1819
sar-size4-roh30p,5,D-Flow,1.02,78.03,78.03,452.0,26894.0,520,1268
sar-size4-roh30p,5,D-Tree,0.32,78.03,78.03,8.0,1091.0,184,1745
sar-size4-roh30p,6,ER-S,0.04,52.22,52.22,1.0,245.0,136,1819
sar-size4-roh30p,6,D-Flow,1.26,52.22,52.22,698.0,33996.0,600,1518
sar-size4-roh30p,6,D-Tree,0.15,52.22,52.22,25.0,447.0,184,1745
sar-size4-roh30p,7,ER-S,0.07,37.36,37.36,1.0,242.0,136,1819
sar-size4-roh30p,7,D-Flow,0.91,37.36,37.36,408.0,20657.0,680,1768
sar-size4-roh30p,7,D-Tree,0.07,37.36,37.36,1.0,340.0,184,1745
sar-size4-roh30p,8,ER-S,0.02,22.96,22.96,1.0,57.0,136,1819
sar-size4-roh30p,8,D-Flow,0.7,22.96,22.96,328.0,13420.0,760,2018
sar-size4-roh30p,8,D-Tree,0.03,22.96,22.96,1.0,151.0,184,1745
sar-size4-roh30p,9,ER-S,0.03,16.75,16.75,1.0,68.0,136,1819
sar-size4-roh30p,9,D-Flow,0.58,16.75,16.75,252.0,10739.0,840,2268
sar-size4-roh30p,9,D-Tree,0.04,16.75,16.75,1.0,235.0,184,1745
sar-size4-roh60p,10,ER-S,0.01,5.82,5.82,1.0,7.0,136,1819
sar-size4-roh60p,10,D-Flow,0.59,5.82,5.82,96.0,11379.0,920,2518
sar-size4-roh60p,10,D-Tree,0.01,5.82,5.82,1.0,93.0,184,1745
sar-size4-roh60p,3,ER-S,0.68,229.79,229.79,13.0,3228.0,136,1819
sar-size4-roh60p,3,D-Flow,1.44,229.79,229.79,638.0,33797.0,360,768
sar-size4-roh60p,3,D-Tree,0.98,229.79,229.79,1136.0,16809.0,184,1745
sar-size4-roh60p,4,ER-S,0.39,150.13,150.13,35.0,2701.0,136,1819
sar-size4-roh60p,4,D-Flow,3.47,150.13,150.13,1491.0,76773.0,440,1018
sar-size4-roh60p,4,D-Tree,0.57,150.13,150.13,783.0,8797.0,184,1745
sar-size4-roh60p,5,ER-S,0.13,103.09,103.09,1.0,695.0,136,1819
sar-size4-roh60p,5,D-Flow,3.82,103.09,103.09,1908.0,91966.0,520,1268
sar-size4-roh60p,5,D-Tree,0.18,103.09,103.09,191.0,1963.0,184,1745
sar-size4-roh60p,6,ER-S,0.09,73.82,73.82,1.0,516.0,136,1819
sar-size4-roh60p,6,D-Flow,3.32,73.82,73.82,2391.0,86411.0,600,1518
sar-size4-roh60p,6,D-Tree,0.09,73.82,73.82,13.0,485.0,184,1745
sar-size4-roh60p,7,ER-S,0.03,48.48,48.48,1.0,162.0,136,1819
sar-size4-roh60p,7,D-Flow,2.08,48.48,48.48,1089.0,47881.0,680,1768
sar-size4-roh60p,7,D-Tree,0.09,48.48,48.48,1.0,357.0,184,1745
sar-size4-roh60p,8,ER-S,0.01,29.1,29.1,1.0,42.0,136,1819
sar-size4-roh60p,8,D-Flow,1.59,29.1,29.1,692.0,31639.0,760,2018
sar-size4-roh60p,8,D-Tree,0.08,29.1,29.1,1.0,328.0,184,1745
sar-size4-roh60p,9,ER-S,0.01,13.46,13.46,1.0,14.0,136,1819
sar-size4-roh60p,9,D-Flow,0.79,13.46,13.46,264.0,11174.0,840,2268
sar-size4-roh60p,9,D-Tree,0.03,13.46,13.46,1.0,147.0,184,1745
sar-size4-roh90p,10,ER-S,0.01,15.92,15.92,1.0,16.0,136,1819
sar-size4-roh90p,10,D-Flow,0.77,15.92,15.92,114.0,15518.0,920,2518
sar-size4-roh90p,10,D-Tree,0.01,15.92,15.92,1.0,113.0,184,1745
sar-size4-roh90p,3,ER-S,0.36,314.47,314.47,17.0,2209.0,136,1819
sar-size4-roh90p,3,D-Flow,0.65,314.47,314.47,318.0,11351.0,360,768
sar-size4-roh90p,3,D-Tree,1.18,314.47,314.47,1456.0,20161.0,184,1745
sar-size4-roh90p,4,ER-S,0.37,212.42,212.42,52.0,3129.0,136,1819
sar-size4-roh90p,4,D-Flow,3.56,212.42,212.42,1121.0,72289.0,440,1018
sar-size4-roh90p,4,D-Tree,0.31,212.42,212.42,287.0,3754.0,184,1745
sar-size4-roh90p,5,ER-S,0.16,141.42,141.42,9.0,895.0,136,1819
sar-size4-roh90p,5,D-Flow,1.62,141.42,141.42,1247.0,47989.0,520,1268
sar-size4-roh90p,5,D-Tree,0.16,141.42,141.42,35.0,951.0,184,1745
sar-size4-roh90p,6,ER-S,0.02,85.45,85.45,1.0,89.0,136,1819
sar-size4-roh90p,6,D-Flow,1.98,85.45,85.45,1008.0,43384.0,600,1518
sar-size4-roh90p,6,D-Tree,0.07,85.45,85.45,1.0,274.0,184,1745
sar-size4-roh90p,7,ER-S,0.01,56.51,56.51,1.0,28.0,136,1819
sar-size4-roh90p,7,D-Flow,0.96,56.51,56.51,455.0,20907.0,680,1768
sar-size4-roh90p,7,D-Tree,0.05,56.51,56.51,1.0,191.0,184,1745
sar-size4-roh90p,8,ER-S,0.01,44.21,44.21,1.0,43.0,136,1819
sar-size4-roh90p,8,D-Flow,1.26,44.21,44.21,629.0,21484.0,760,2018
sar-size4-roh90p,8,D-Tree,0.06,44.21,44.21,1.0,291.0,184,1745
sar-size4-roh90p,9,ER-S,0.01,28.22,28.22,1.0,25.0,136,1819
sar-size4-roh90p,9,D-Flow,0.77,28.22,28.22,334.0,15104.0,840,2268
sar-size4-roh90p,9,D-Tree,0.07,28.22,28.22,1.0,148.0,184,1745
sar-size5-roh0p,10,ER-S,0.09,91.15,91.15,1.0,231.0,325,7228
sar-size5-roh0p,10,D-Flow,647.25,91.15,91.15,286004.0,12457558.0,1600,5147
sar-size5-roh0p,10,D-Tree,0.29,91.15,91.15,6.0,594.0,405,7006
sar-size5-roh0p,3,ER-S,5.2,619.28,619.28,21.0,25046.0,325,7228
sar-size5-roh0p,3,D-Flow,54.45,619.28,619.28,14420.0,895104.0,690,1563
sar-size5-roh0p,3,D-Tree,561.41,619.22,619.28,213506.0,6883883.0,405,7006
sar-size5-roh0p,4,ER-S,7.15,451.08,451.08,101.0,43086.0,325,7228
sar-size5-roh0p,4,D-Flow,153.65,451.08,451.08,45079.0,2853948.0,820,2075
sar-size5-roh0p,4,D-Tree,220.07,451.07,451.08,92580.0,2505238.0,405,7006
sar-size5-roh0p,5,ER-S,2.49,311.59,311.59,13.0,9674.0,325,7228
sar-size5-roh0p,5,D-Flow,555.06,311.59,311.59,165916.0,10679171.0,950,2587
sar-size5-roh0p,5,D-Tree,44.08,311.57,311.59,16450.0,445174.0,405,7006
sar-size5-roh0p,6,ER-S,2.49,247.89,247.89,46.0,12755.0,325,7228
sar-size5-roh0p,6,D-Flow,1158.0,247.87,247.89,372732.0,25570529.0,1080,3099
sar-size5-roh0p,6,D-Tree,11.95,247.89,247.89,3443.0,86095.0,405,7006
sar-size5-roh0p,7,ER-S,0.5,191.14,191.14,1.0,2123.0,325,7228
sar-size5-roh0p,7,D-Flow,1770.82,191.14,191.14,536317.0,36168628.0,1210,3611
sar-size5-roh0p,7,D-Tree,2.8,191.14,191.14,1526.0,23593.0,405,7006
sar-size5-roh0p,8,ER-S,0.35,151.06,151.06,1.0,1470.0,325,7228
sar-size5-roh0p,8,D-Flow,5727.13,151.05,151.06,2882881.0,125227692.0,1340,4123
sar-size5-roh0p,8,D-Tree,0.88,151.06,151.06,260.0,4894.0,405,7006
sar-size5-roh0p,9,ER-S,0.12,113.71,113.71,1.0,289.0,325,7228
sar-size5-roh0p,9,D-Flow,2421.16,113.7,113.71,1283667.0,48177107.0,1470,4635
sar-size5-roh0p,9,D-Tree,0.44,113.71,113.71,60.0,1488.0,405,7006
sar-size5-roh30p,10,ER-S,0.31,83.75,83.75,1.0,1937.0,325,7228
sar-size5-roh30p,10,D-Flow,1851.12,83.75,83.75,928303.0,35455627.0,1600,5147
sar-size5-roh30p,10,D-Tree,0.26,83.75,83.75,85.0,1219.0,405,7006
sar-size5-roh30p,3,ER-S,11.96,644.22,644.22,65.0,63281.0,325,7228
sar-size5-roh30p,3,D-Flow,182.3,644.22,644.22,16798.0,2924545.0,690,1563
sar-size5-roh30p,3,D-Tree,385.23,644.2,644.22,118031.0,4545682.0,405,7006
sar-size5-roh30p,4,ER-S,0.96,330.14,330.14,1.0,5229.0,325,7228
sar-size5-roh30p,4,D-Flow,71.01,330.14,330.14,18555.0,1228366.0,820,2075
sar-size5-roh30p,4,D-Tree,11.01,330.14,330.14,2144.0,77542.0,405,7006
sar-size5-roh30p,5,ER-S,3.7,265.15,265.15,97.0,25295.0,325,7228
sar-size5-roh30p,5,D-Flow,208.24,265.15,265.15,58213.0,3539732.0,950,2587
sar-size5-roh30p,5,D-Tree,7.74,265.15,265.15,2240.0,57574.0,405,7006
sar-size5-roh30p,6,ER-S,2.12,201.96,201.96,75.0,14468.0,325,7228
sar-size5-roh30p,6,D-Flow,787.97,201.96,201.96,277145.0,16567651.0,1080,3099
sar-size5-roh30p,6,D-Tree,2.83,201.96,201.96,1567.0,26234.0,405,7006
sar-size5-roh30p,7,ER-S,0.75,151.3,151.3,1.0,3148.0,325,7228
sar-size5-roh30p,7,D-Flow,774.3,151.3,151.3,239835.0,16246459.0,1210,3611
sar-size5-roh30p,7,D-Tree,0.68,151.3,151.3,406.0,5842.0,405,7006
sar-size5-roh30p,8,ER-S,0.96,123.57,123.57,26.0,4236.0,325,7228
sar-size5-roh30p,8,D-Flow,1508.63,123.56,123.57,797102.0,34545141.0,1340,4123
sar-size5-roh30p,8,D-Tree,0.65,123.57,123.57,269.0,4261.0,405,7006
sar-size5-roh30p,9,ER-S,0.89,101.36,101.36,17.0,4154.0,325,7228
sar-size5-roh30p,9,D-Flow,1631.03,101.35,101.36,923265.0,32728200.0,1470,4635
sar-size5-roh30p,9,D-Tree,0.41,101.36,101.36,164.0,2502.0,405,7006
sar-size5-roh60p,10,ER-S,0.81,82.16,82.16,66.0,4332.0,325,7228
sar-size5-roh60p,10,D-Flow,635.96,82.16,82.16,365410.0,12326733.0,1600,5147
sar-size5-roh60p,10,D-Tree,0.64,82.16,82.16,13.0,1452.0,405,7006
sar-size5-roh60p,3,ER-S,0.62,479.24,479.24,1.0,3584.0,325,7228
sar-size5-roh60p,3,D-Flow,2.93,479.24,479.24,351.0,45336.0,690,1563
sar-size5-roh60p,3,D-Tree,173.43,479.2,479.24,52299.0,2025730.0,405,7006
sar-size5-roh60p,4,ER-S,1.46,305.93,305.93,9.0,4303.0,325,7228
sar-size5-roh60p,4,D-Flow,12.42,305.93,305.93,5178.0,244002.0,820,2075
sar-size5-roh60p,4,D-Tree,13.53,305.93,305.93,3114.0,109518.0,405,7006
sar-size5-roh60p,5,ER-S,1.55,236.02,236.02,58.0,8539.0,325,7228
sar-size5-roh60p,5,D-Flow,80.52,236.02,236.02,21957.0,1254281.0,950,2587
sar-size5-roh60p,5,D-Tree,1.9,236.02,236.02,793.0,17255.0,405,7006
sar-size5-roh60p,6,ER-S,2.27,188.43,188.43,65.0,9250.0,325,7228
sar-size5-roh60p,6,D-Flow,210.69,188.43,188.43,74913.0,4053578.0,1080,3099
sar-size5-roh60p,6,D-Tree,0.95,188.43,188.43,335.0,5950.0,405,7006
sar-size5-roh60p,7,ER-S,0.88,150.96,150.96,63.0,5842.0,325,7228
sar-size5-roh60p,7,D-Flow,374.82,150.96,150.96,128088.0,7123511.0,1210,3611
sar-size5-roh60p,7,D-Tree,0.89,150.96,150.96,517.0,6442.0,405,7006
sar-size5-roh60p,8,ER-S,0.87,121.36,121.36,25.0,3800.0,325,7228
sar-size5-roh60p,8,D-Flow,513.96,121.36,121.36,328524.0,11406695.0,1340,4123
sar-size5-roh60p,8,D-Tree,0.53,121.36,121.36,191.0,3391.0,405,7006
sar-size5-roh60p,9,ER-S,0.68,100.75,100.75,66.0,4876.0,325,7228
sar-size5-roh60p,9,D-Flow,588.59,100.74,100.75,364072.0,11545646.0,1470,4635
sar-size5-roh60p,9,D-Tree,0.32,100.75,100.75,156.0,2242.0,405,7006
sar-size5-roh90p,10,ER-S,0.05,94.79,94.79,1.0,122.0,325,7228
sar-size5-roh90p,10,D-Flow,364.2,94.79,94.79,170497.0,6907904.0,1600,5147
sar-size5-roh90p,10,D-Tree,0.09,94.79,94.79,1.0,316.0,405,7006
sar-size5-roh90p,3,ER-S,6.7,860.48,860.48,29.0,29947.0,325,7228
sar-size5-roh90p,3,D-Flow,34.89,860.48,860.48,3411.0,451707.0,690,1563
sar-size5-roh90p,3,D-Tree,472.19,860.48,860.48,140610.0,5457828.0,405,7006
sar-size5-roh90p,4,ER-S,3.97,549.19,549.19,23.0,17993.0,325,7228
sar-size5-roh90p,4,D-Flow,88.26,549.19,549.19,19558.0,1536671.0,820,2075
sar-size5-roh90p,4,D-Tree,112.57,549.16,549.19,31137.0,1271771.0,405,7006
sar-size5-roh90p,5,ER-S,5.19,393.64,393.64,75.0,29188.0,325,7228
sar-size5-roh90p,5,D-Flow,189.0,393.64,393.64,46047.0,3580157.0,950,2587
sar-size5-roh90p,5,D-Tree,25.28,393.64,393.64,9136.0,229881.0,405,7006
sar-size5-roh90p,6,ER-S,2.45,270.26,270.26,43.0,13419.0,325,7228
sar-size5-roh90p,6,D-Flow,301.77,270.26,270.26,75149.0,5579274.0,1080,3099
sar-size5-roh90p,6,D-Tree,7.15,270.26,270.26,1939.0,43979.0,405,7006
sar-size5-roh90p,7,ER-S,1.11,184.52,184.52,1.0,4697.0,325,7228
sar-size5-roh90p,7,D-Flow,373.09,184.51,184.52,91013.0,5990119.0,1210,3611
sar-size5-roh90p,7,D-Tree,1.21,184.52,184.52,600.0,10226.0,405,7006
sar-size5-roh90p,8,ER-S,0.35,140.85,140.85,1.0,2035.0,325,7228
sar-size5-roh90p,8,D-Flow,372.4,140.85,140.85,169313.0,8417628.0,1340,4123
sar-size5-roh90p,8,D-Tree,0.35,140.85,140.85,95.0,1537.0,405,7006
sar-size5-roh90p,9,ER-S,0.05,109.83,109.83,1.0,122.0,325,7228
sar-size5-roh90p,9,D-Flow,332.21,109.83,109.83,161172.0,6745684.0,1470,4635
sar-size5-roh90p,9,D-Tree,0.14,109.83,109.83,1.0,405.0,405,7006
sar-size6-roh0p,10,ER-S,11.44,220.95,220.95,80.0,36050.0,666,22089
sar-size6-roh0p,10,D-Flow,18000.01,61.97,220.95,3651145.0,237174622.0,2550,9478
sar-size6-roh0p,10,D-Tree,201.91,220.93,220.95,69479.0,800854.0,786,21577
sar-size6-roh0p,3,ER-S,1933.51,1349.31,1349.31,1438.0,3361092.0,666,22089
sar-size6-roh0p,3,D-Flow,3173.17,1349.24,1349.31,362198.0,48078169.0,1206,2870
sar-size6-roh0p,3,D-Tree,18000.0,509.44,1418.51,2874309.0,131298001.0,786,21577
sar-size6-roh0p,4,ER-S,3621.91,939.96,939.96,3067.0,5189023.0,666,22089
sar-size6-roh0p,4,D-Flow,18000.0,629.75,939.96,994781.0,221397943.0,1398,3814
sar-size6-roh0p,4,D-Tree,18000.0,466.4,939.96,3914945.0,132119895.0,786,21577
sar-size6-roh0p,5,ER-S,409.8,654.37,654.37,712.0,816892.0,666,22089
sar-size6-roh0p,5,D-Flow,18000.0,372.53,654.37,802994.0,203038431.0,1590,4758
sar-size6-roh0p,5,D-Tree,18000.0,455.74,654.37,1798308.0,108397754.0,786,21577
sar-size6-roh0p,6,ER-S,113.02,486.66,486.66,313.0,290387.0,666,22089
sar-size6-roh0p,6,D-Flow,18000.0,242.17,486.66,2013534.0,252630193.0,1782,5702
sar-size6-roh0p,6,D-Tree,18000.0,421.92,486.66,2659227.0,95582032.0,786,21577
sar-size6-roh0p,7,ER-S,102.75,387.41,387.41,392.0,292765.0,666,22089
sar-size6-roh0p,7,D-Flow,18000.0,151.66,423.68,3895464.0,301515812.0,1974,6646
sar-size6-roh0p,7,D-Tree,4461.63,387.38,387.41,814849.0,24416936.0,786,21577
sar-size6-roh0p,8,ER-S,155.5,324.43,324.43,850.0,431211.0,666,22089
sar-size6-roh0p,8,D-Flow,18000.0,109.49,324.43,4023153.0,291774545.0,2166,7590
sar-size6-roh0p,8,D-Tree,539.19,324.4,324.43,120848.0,3377135.0,786,21577
sar-size6-roh0p,9,ER-S,85.21,270.65,270.65,667.0,285072.0,666,22089
sar-size6-roh0p,9,D-Flow,18000.0,68.12,270.65,3557914.0,265878094.0,2358,8534
sar-size6-roh0p,9,D-Tree,252.29,270.64,270.65,65316.0,1404099.0,786,21577
sar-size6-roh30p,10,ER-S,37.79,264.41,264.41,250.0,127213.0,666,22089
sar-size6-roh30p,10,D-Flow,18000.0,71.1,264.41,3539651.0,253939972.0,2550,9478
sar-size6-roh30p,10,D-Tree,12.67,264.41,264.41,950.0,29910.0,786,21577
sar-size6-roh30p,3,ER-S,1011.37,1767.77,1767.77,707.0,1926874.0,666,22089
sar-size6-roh30p,3,D-Flow,3538.7,1767.6,1767.77,296209.0,50510859.0,1206,2870
sar-size6-roh30p,3,D-Tree,18000.0,686.78,1903.8,2561507.0,124435195.0,786,21577
sar-size6-roh30p,4,ER-S,48.39,1025.72,1025.72,43.0,104559.0,666,22089
sar-size6-roh30p,4,D-Flow,4745.47,1025.63,1025.72,246599.0,56307156.0,1398,3814
sar-size6-roh30p,4,D-Tree,18000.0,692.83,1025.72,1489535.0,105743815.0,786,21577
sar-size6-roh30p,5,ER-S,70.45,761.54,761.54,144.0,172009.0,666,22089
sar-size6-roh30p,5,D-Flow,18000.0,543.07,761.54,840602.0,193091344.0,1590,4758
sar-size6-roh30p,5,D-Tree,18000.0,564.81,761.54,4921537.0,122766523.0,786,21577
sar-size6-roh30p,6,ER-S,162.52,615.47,615.47,514.0,429618.0,666,22089
sar-size6-roh30p,6,D-Flow,18000.0,323.77,615.52,1747522.0,263276496.0,1782,5702
sar-size6-roh30p,6,D-Tree,13811.24,615.41,615.47,2004993.0,72450213.0,786,21577
sar-size6-roh30p,7,ER-S,163.11,501.98,501.98,644.0,411400.0,666,22089
sar-size6-roh30p,7,D-Flow,18000.0,207.65,501.98,2196316.0,262402282.0,1974,6646
sar-size6-roh30p,7,D-Tree,2878.29,501.93,501.98,541279.0,18405574.0,786,21577
sar-size6-roh30p,8,ER-S,158.54,409.18,409.18,703.0,439809.0,666,22089
sar-size6-roh30p,8,D-Flow,18000.0,148.85,411.28,3630498.0,293663434.0,2166,7590
sar-size6-roh30p,8,D-Tree,366.91,409.16,409.18,63967.0,2212046.0,786,21577
sar-size6-roh30p,9,ER-S,76.15,327.55,327.55,387.0,248918.0,666,22089
sar-size6-roh30p,9,D-Flow,18000.0,93.83,327.55,3886377.0,273320758.0,2358,8534
sar-size6-roh30p,9,D-Tree,36.78,327.55,327.55,3987.0,149383.0,786,21577
sar-size6-roh60p,10,ER-S,3.59,252.38,252.38,116.0,19108.0,666,22089
sar-size6-roh60p,10,D-Flow,18000.0,103.14,252.38,4187717.0,274334427.0,2550,9478
sar-size6-roh60p,10,D-Tree,7.98,252.38,252.38,1357.0,27348.0,786,21577
sar-size6-roh60p,3,ER-S,204.3,1774.52,1774.52,181.0,471684.0,666,22089
sar-size6-roh60p,3,D-Flow,1475.93,1774.35,1774.52,116835.0,21153918.0,1206,2870
sar-size6-roh60p,3,D-Tree,18000.0,792.2,1902.43,990268.0,99793444.0,786,21577
sar-size6-roh60p,4,ER-S,413.37,1232.06,1232.06,552.0,849369.0,666,22089
sar-size6-roh60p,4,D-Flow,18000.0,1013.97,1232.06,1513743.0,240575017.0,1398,3814
sar-size6-roh60p,4,D-Tree,18000.0,721.65,1274.08,1352337.0,103516585.0,786,21577
sar-size6-roh60p,5,ER-S,657.07,911.69,911.69,1242.0,1394466.0,666,22089
sar-size6-roh60p,5,D-Flow,18000.0,571.54,911.69,1003429.0,213527974.0,1590,4758
sar-size6-roh60p,5,D-Tree,18000.0,679.6,911.69,2156526.0,108345137.0,786,21577
sar-size6-roh60p,6,ER-S,49.5,615.38,615.38,109.0,140440.0,666,22089
sar-size6-roh60p,6,D-Flow,18000.0,314.78,615.38,2031850.0,255802800.0,1782,5702
sar-size6-roh60p,6,D-Tree,4764.24,615.32,615.38,611160.0,24893420.0,786,21577
sar-size6-roh60p,7,ER-S,17.52,453.59,453.59,41.0,52126.0,666,22089
sar-size6-roh60p,7,D-Flow,18000.0,203.92,453.59,4359098.0,316513193.0,1974,6646
sar-size6-roh60p,7,D-Tree,145.28,453.59,453.59,14977.0,724716.0,786,21577
sar-size6-roh60p,8,ER-S,16.82,367.38,367.38,99.0,64443.0,666,22089
sar-size6-roh60p,8,D-Flow,18000.0,190.61,367.38,4000710.0,291030827.0,2166,7590
sar-size6-roh60p,8,D-Tree,46.86,367.38,367.38,4580.0,176819.0,786,21577
sar-size6-roh60p,9,ER-S,11.92,308.87,308.87,152.0,50955.0,666,22089
sar-size6-roh60p,9,D-Flow,18000.0,103.24,308.87,3955147.0,279110667.0,2358,8534
sar-size6-roh60p,9,D-Tree,12.53,308.87,308.87,1427.0,40174.0,786,21577
sar-size6-roh90p,10,ER-S,3.21,191.79,191.79,35.0,11342.0,666,22089
sar-size6-roh90p,10,D-Flow,18000.0,113.31,191.79,4360953.0,275092882.0,2550,9478
sar-size6-roh90p,10,D-Tree,6.16,191.79,191.79,1636.0,26867.0,786,21577
sar-size6-roh90p,3,ER-S,481.72,1641.43,1641.43,711.0,1092099.0,666,22089
sar-size6-roh90p,3,D-Flow,425.56,1641.41,1641.43,17586.0,4434395.0,1206,2870
sar-size6-roh90p,3,D-Tree,18000.0,707.76,1656.83,1047027.0,101978235.0,786,21577
sar-size6-roh90p,4,ER-S,1282.13,1039.64,1039.64,2153.0,2611014.0,666,22089
sar-size6-roh90p,4,D-Flow,6180.58,1039.54,1039.64,522742.0,78413372.0,1398,3814
sar-size6-roh90p,4,D-Tree,18000.0,631.82,1083.31,1407690.0,104658973.0,786,21577
sar-size6-roh90p,5,ER-S,37.85,668.48,668.48,87.0,106387.0,666,22089
sar-size6-roh90p,5,D-Flow,14059.45,668.43,668.48,981615.0,175104111.0,1590,4758
sar-size6-roh90p,5,D-Tree,18000.0,544.3,668.48,2209946.0,112364381.0,786,21577
sar-size6-roh90p,6,ER-S,21.49,481.95,481.95,89.0,60367.0,666,22089
sar-size6-roh90p,6,D-Flow,18000.0,355.68,481.95,2799867.0,260586037.0,1782,5702
sar-size6-roh90p,6,D-Tree,1215.02,481.91,481.95,154476.0,8030174.0,786,21577
sar-size6-roh90p,7,ER-S,20.8,377.45,377.45,131.0,72609.0,666,22089
sar-size6-roh90p,7,D-Flow,18000.0,225.04,377.45,3146225.0,283919748.0,1974,6646
sar-size6-roh90p,7,D-Tree,93.87,377.42,377.45,8836.0,445753.0,786,21577
sar-size6-roh90p,8,ER-S,10.34,297.93,297.93,125.0,44696.0,666,22089
sar-size6-roh90p,8,D-Flow,18000.0,176.44,297.93,4585014.0,292605835.0,2166,7590
sar-size6-roh90p,8,D-Tree,29.57,297.93,297.93,2709.0,118842.0,786,21577
sar-size6-roh90p,9,ER-S,5.83,237.36,237.36,91.0,23191.0,666,22089
sar-size6-roh90p,9,D-Flow,18000.0,125.68,237.36,4321972.0,285604704.0,2358,8534
sar-size6-roh90p,9,D-Tree,10.0,237.36,237.36,841.0,24743.0,786,21577
sar-size7-roh0p,10,ER-S,3614.2,535.4,535.4,1908.0,3336811.0,1225,56500
sar-size7-roh0p,10,D-Flow,18000.0,45.02,535.4,1587892.0,176435569.0,3836,16171
sar-size7-roh0p,10,D-Tree,18000.0,453.95,535.4,1229743.0,54853150.0,1393,55490
sar-size7-roh0p,3,ER-S,18000.0,2529.33,2774.52,1643.0,13491759.0,1225,56500
sar-size7-roh0p,3,D-Flow,18000.0,1678.47,2769.95,212728.0,128655489.0,1974,4887
sar-size7-roh0p,3,D-Tree,18000.0,689.07,2774.52,410251.0,44550466.0,1393,55490
sar-size7-roh0p,4,ER-S,18000.0,1758.35,1874.74,2084.0,13018516.0,1225,56500
sar-size7-roh0p,4,D-Flow,18000.0,754.37,1889.76,265039.0,123458065.0,2240,6499
sar-size7-roh0p,4,D-Tree,18000.0,675.49,1913.77,453105.0,52518194.0,1393,55490
sar-size7-roh0p,5,ER-S,18000.0,1332.66,1406.28,2441.0,12323984.0,1225,56500
sar-size7-roh0p,5,D-Flow,18000.0,477.46,1430.04,270450.0,127159005.0,2506,8111
sar-size7-roh0p,5,D-Tree,18000.0,620.46,1445.17,491496.0,52394429.0,1393,55490
sar-size7-roh0p,6,ER-S,7141.67,1079.68,1079.7,1506.0,5169468.0,1225,56500
sar-size7-roh0p,6,D-Flow,18000.0,224.03,1103.87,280815.0,106353468.0,2772,9723
sar-size7-roh0p,6,D-Tree,18000.0,583.01,1177.74,685273.0,47303380.0,1393,55490
sar-size7-roh0p,7,ER-S,18000.05,874.33,906.01,4394.0,10561308.0,1225,56500
sar-size7-roh0p,7,D-Flow,18000.0,132.23,906.01,1988019.0,235769776.0,3038,11335
sar-size7-roh0p,7,D-Tree,18000.0,559.22,906.01,729065.0,46567528.0,1393,55490
sar-size7-roh0p,8,ER-S,18000.01,736.39,756.65,4788.0,10126094.0,1225,56500
sar-size7-roh0p,8,D-Flow,18000.0,83.81,763.12,1764821.0,226537102.0,3304,12947
sar-size7-roh0p,8,D-Tree,18000.0,513.14,756.65,935338.0,55974561.0,1393,55490
sar-size7-roh0p,9,ER-S,3607.06,617.86,617.86,1573.0,3406658.0,1225,56500
sar-size7-roh0p,9,D-Flow,18000.0,59.01,617.86,853389.0,171590853.0,3570,14559
sar-size7-roh0p,9,D-Tree,18000.0,472.18,617.86,978455.0,47247955.0,1393,55490
sar-size7-roh30p,10,ER-S,2915.21,594.71,594.75,1618.0,3292142.0,1225,56500
sar-size7-roh30p,10,D-Flow,18000.0,42.72,599.21,1136101.0,172722067.0,3836,16171
sar-size7-roh30p,10,D-Tree,18000.0,512.51,599.21,1215662.0,55146485.0,1393,55490
sar-size7-roh30p,3,ER-S,18000.0,2926.32,3116.57,1708.0,13456703.0,1225,56500
sar-size7-roh30p,3,D-Flow,18000.0,2030.43,3268.98,319725.0,142980399.0,1974,4887
sar-size7-roh30p,3,D-Tree,18000.0,806.48,1e+100,451827.0,51250210.0,1393,55490
sar-size7-roh30p,4,ER-S,18000.06,2042.02,2094.72,1743.0,10947899.0,1225,56500
sar-size7-roh30p,4,D-Flow,18000.0,804.96,2233.78,238147.0,124820397.0,2240,6499
sar-size7-roh30p,4,D-Tree,18000.0,760.91,2313.05,389879.0,41192697.0,1393,55490
sar-size7-roh30p,5,ER-S,18000.0,1493.07,1617.61,2560.0,12965678.0,1225,56500
sar-size7-roh30p,5,D-Flow,18000.0,461.58,1617.61,246358.0,124877399.0,2506,8111
sar-size7-roh30p,5,D-Tree,18000.0,718.62,1692.61,520977.0,44050420.0,1393,55490
sar-size7-roh30p,6,ER-S,18000.0,1200.52,1279.93,3403.0,12624717.0,1225,56500
sar-size7-roh30p,6,D-Flow,18000.0,185.02,1305.52,252898.0,102168889.0,2772,9723
sar-size7-roh30p,6,D-Tree,18000.0,603.99,1277.96,1767157.0,64332588.0,1393,55490
sar-size7-roh30p,7,ER-S,18000.04,967.91,1049.79,4841.0,12721032.0,1225,56500
sar-size7-roh30p,7,D-Flow,18000.0,132.16,1088.9,1862476.0,232299761.0,3038,11335
sar-size7-roh30p,7,D-Tree,18000.0,618.45,1070.98,706078.0,46275971.0,1393,55490
sar-size7-roh30p,8,ER-S,18000.0,826.15,856.68,4416.0,10912324.0,1225,56500
sar-size7-roh30p,8,D-Flow,18000.0,79.86,901.62,1695729.0,210917570.0,3304,12947
sar-size7-roh30p,8,D-Tree,18000.0,597.46,872.52,814220.0,45966947.0,1393,55490
sar-size7-roh30p,9,ER-S,2385.48,695.85,695.87,1076.0,2499216.0,1225,56500
sar-size7-roh30p,9,D-Flow,18000.0,56.68,695.87,1019884.0,167882949.0,3570,14559
sar-size7-roh30p,9,D-Tree,18000.0,547.5,695.87,1007351.0,47968817.0,1393,55490
sar-size7-roh60p,10,ER-S,11413.25,482.36,482.36,6448.0,7725915.0,1225,56500
sar-size7-roh60p,10,D-Flow,18000.0,50.4,527.08,1727245.0,202614189.0,3836,16171
sar-size7-roh60p,10,D-Tree,18000.0,381.28,482.36,909629.0,46268925.0,1393,55490
sar-size7-roh60p,3,ER-S,7748.44,2439.55,2439.55,815.0,6722655.0,1225,56500
sar-size7-roh60p,3,D-Flow,18000.0,2063.96,2439.55,552225.0,164610095.0,1974,4887
sar-size7-roh60p,3,D-Tree,18000.01,646.96,2753.08,290256.0,51395167.0,1393,55490
sar-size7-roh60p,4,ER-S,8409.97,1680.58,1680.58,1345.0,6517140.0,1225,56500
sar-size7-roh60p,4,D-Flow,18000.01,1051.56,1680.58,143219.0,91903329.0,2240,6499
sar-size7-roh60p,4,D-Tree,18000.01,598.08,2098.96,345892.0,50215348.0,1393,55490
sar-size7-roh60p,5,ER-S,1642.46,1210.27,1210.27,405.0,1466517.0,1225,56500
sar-size7-roh60p,5,D-Flow,18000.0,520.64,1210.27,313757.0,123701278.0,2506,8111
sar-size7-roh60p,5,D-Tree,18000.0,558.25,1220.54,367952.0,40732811.0,1393,55490
sar-size7-roh60p,6,ER-S,18000.01,958.54,972.95,4234.0,11644114.0,1225,56500
sar-size7-roh60p,6,D-Flow,18000.0,296.2,988.35,347178.0,121821429.0,2772,9723
sar-size7-roh60p,6,D-Tree,18000.0,520.33,988.29,566996.0,45084554.0,1393,55490
sar-size7-roh60p,7,ER-S,18000.01,768.19,803.74,6932.0,11338981.0,1225,56500
sar-size7-roh60p,7,D-Flow,18000.0,145.36,830.85,778712.0,172369892.0,3038,11335
sar-size7-roh60p,7,D-Tree,18000.0,475.7,826.08,609281.0,52698244.0,1393,55490
sar-size7-roh60p,8,ER-S,11379.43,652.33,652.33,3869.0,6757896.0,1225,56500
sar-size7-roh60p,8,D-Flow,18000.0,74.75,672.98,773783.0,155055556.0,3304,12947
sar-size7-roh60p,8,D-Tree,18000.0,456.81,676.05,566396.0,42870540.0,1393,55490
sar-size7-roh60p,9,ER-S,12975.71,558.77,558.77,6057.0,10526858.0,1225,56500
sar-size7-roh60p,9,D-Flow,18000.0,64.36,558.77,1199139.0,196404966.0,3570,14559
sar-size7-roh60p,9,D-Tree,18000.0,425.2,558.77,706191.0,44796748.0,1393,55490
sar-size7-roh90p,10,ER-S,691.61,702.49,702.49,905.0,1067912.0,1225,56500
sar-size7-roh90p,10,D-Flow,18000.0,85.29,716.97,1812226.0,208404697.0,3836,16171
sar-size7-roh90p,10,D-Tree,18000.0,646.34,702.49,1249024.0,57439594.0,1393,55490
sar-size7-roh90p,3,ER-S,13809.59,4567.88,4567.88,1175.0,11008288.0,1225,56500
sar-size7-roh90p,3,D-Flow,18000.0,3391.85,4567.88,384489.0,155175886.0,1974,4887
sar-size7-roh90p,3,D-Tree,18000.0,1038.94,4614.88,342094.0,42283191.0,1393,55490
sar-size7-roh90p,4,ER-S,18000.0,2870.83,2981.79,2460.0,14323644.0,1225,56500
sar-size7-roh90p,4,D-Flow,18000.0,1781.99,2981.79,109199.0,92918774.0,2240,6499
sar-size7-roh90p,4,D-Tree,18000.0,990.86,3092.89,408719.0,41920325.0,1393,55490
sar-size7-roh90p,5,ER-S,18000.0,1992.35,2196.46,3897.0,13420829.0,1225,56500
sar-size7-roh90p,5,D-Flow,18000.0,892.98,2148.17,345800.0,133604890.0,2506,8111
sar-size7-roh90p,5,D-Tree,18000.0,916.64,2148.17,561810.0,58025588.0,1393,55490
sar-size7-roh90p,6,ER-S,18000.0,1534.47,1592.27,4849.0,13246149.0,1225,56500
sar-size7-roh90p,6,D-Flow,18000.0,430.95,1592.27,289863.0,112977458.0,2772,9723
sar-size7-roh90p,6,D-Tree,18000.0,826.4,1835.29,614584.0,45195816.0,1393,55490
sar-size7-roh90p,7,ER-S,7958.19,1241.79,1241.79,2833.0,5920620.0,1225,56500
sar-size7-roh90p,7,D-Flow,18000.0,283.12,1241.79,2157609.0,261776657.0,3038,11335
sar-size7-roh90p,7,D-Tree,18000.01,780.94,1241.79,696825.0,55941447.0,1393,55490
sar-size7-roh90p,8,ER-S,6033.23,1023.87,1023.87,2881.0,4998056.0,1225,56500
sar-size7-roh90p,8,D-Flow,18000.0,160.54,1061.0,1201124.0,198878237.0,3304,12947
sar-size7-roh90p,8,D-Tree,18000.01,741.86,1023.87,877033.0,47344901.0,1393,55490
sar-size7-roh90p,9,ER-S,1603.0,840.04,840.1,1821.0,2032549.0,1225,56500
sar-size7-roh90p,9,D-Flow,18000.01,118.54,886.26,1983577.0,203617408.0,3570,14559
sar-size7-roh90p,9,D-Tree,18000.0,664.82,840.1,836721.0,46282264.0,1393,55490
sar-size8-roh0p,10,ER-S,18000.0,1130.85,1218.52,1083.0,8541952.0,2080,127075
sar-size8-roh0p,10,D-Flow,18000.01,36.44,1207.75,601892.0,113376963.0,5536,26006
sar-size8-roh0p,10,D-Tree,18000.0,803.1,1225.78,271912.0,23605820.0,2304,125281
sar-size8-roh0p,3,ER-S,18000.0,4911.1,6003.52,267.0,6894958.0,2080,127075
sar-size8-roh0p,3,D-Flow,18000.0,2103.43,5973.56,78298.0,80487771.0,3072,7848
sar-size8-roh0p,3,D-Tree,18000.01,1125.15,1e+100,169773.0,26186583.0,2304,125281
sar-size8-roh0p,4,ER-S,18000.0,3522.21,4450.32,385.0,7044185.0,2080,127075
sar-size8-roh0p,4,D-Flow,18000.02,1278.9,4298.46,16320.0,25019084.0,3424,10442
sar-size8-roh0p,4,D-Tree,18000.0,1079.08,1e+100,201469.0,28109386.0,2304,125281
sar-size8-roh0p,5,ER-S,18000.0,2709.32,3063.47,518.0,7246772.0,2080,127075
sar-size8-roh0p,5,D-Flow,18000.0,462.73,3739.51,150930.0,83671996.0,3776,13036
sar-size8-roh0p,5,D-Tree,18000.0,1008.03,1e+100,240004.0,28412152.0,2304,125281
sar-size8-roh0p,6,ER-S,18000.01,2166.55,2551.45,641.0,7174819.0,2080,127075
sar-size8-roh0p,6,D-Flow,18000.0,285.05,2600.64,124479.0,75991243.0,4128,15630
sar-size8-roh0p,6,D-Tree,18000.0,974.76,2832.56,205987.0,22673900.0,2304,125281
sar-size8-roh0p,7,ER-S,18000.0,1795.6,2008.06,682.0,6912736.0,2080,127075
sar-size8-roh0p,7,D-Flow,18000.0,123.85,2131.64,450922.0,107601069.0,4480,18224
sar-size8-roh0p,7,D-Tree,18000.0,919.74,2685.26,232908.0,23395988.0,2304,125281
sar-size8-roh0p,8,ER-S,18000.01,1519.91,1690.24,766.0,7230393.0,2080,127075
sar-size8-roh0p,8,D-Flow,18000.0,97.88,1693.65,424979.0,112726249.0,4832,20818
sar-size8-roh0p,8,D-Tree,18000.0,863.66,1759.77,315271.0,24436543.0,2304,125281
sar-size8-roh0p,9,ER-S,18000.0,1298.14,1443.12,815.0,7652960.0,2080,127075
sar-size8-roh0p,9,D-Flow,18000.0,48.77,1446.53,589894.0,115468446.0,5184,23412
sar-size8-roh0p,9,D-Tree,18000.0,846.94,1438.15,241138.0,23082488.0,2304,125281
sar-size8-roh30p,10,ER-S,18000.11,1246.62,1332.66,1468.0,9097763.0,2080,127075
sar-size8-roh30p,10,D-Flow,18000.01,34.99,1388.1,699790.0,129582826.0,5536,26006
sar-size8-roh30p,10,D-Tree,18000.01,902.24,1390.8,313561.0,29806238.0,2304,125281
sar-size8-roh30p,3,ER-S,18000.01,5281.3,6423.68,317.0,6832042.0,2080,127075
sar-size8-roh30p,3,D-Flow,18000.0,2540.03,6912.07,24982.0,41695034.0,3072,7848
sar-size8-roh30p,3,D-Tree,18000.0,1282.96,1e+100,185111.0,37595274.0,2304,125281
sar-size8-roh30p,4,ER-S,18000.03,3771.29,4335.87,520.0,7462313.0,2080,127075
sar-size8-roh30p,4,D-Flow,18000.0,729.08,4805.46,89571.0,67844223.0,3424,10442
sar-size8-roh30p,4,D-Tree,18000.02,1202.77,7095.49,192087.0,25452325.0,2304,125281
sar-size8-roh30p,5,ER-S,18000.01,2891.03,3312.89,610.0,7564338.0,2080,127075
sar-size8-roh30p,5,D-Flow,18000.0,416.54,3462.78,143619.0,82748884.0,3776,13036
sar-size8-roh30p,5,D-Tree,18000.0,1132.74,1e+100,273375.0,39652207.0,2304,125281
sar-size8-roh30p,6,ER-S,18000.0,2347.07,2612.89,691.0,7082154.0,2080,127075
sar-size8-roh30p,6,D-Flow,18000.0,268.9,3154.87,136038.0,67164363.0,4128,15630
sar-size8-roh30p,6,D-Tree,18000.0,1095.77,2976.64,203648.0,22426070.0,2304,125281
sar-size8-roh30p,7,ER-S,18000.01,1931.97,2230.28,718.0,6919290.0,2080,127075
sar-size8-roh30p,7,D-Flow,18000.01,99.13,2296.55,465568.0,108287429.0,4480,18224
sar-size8-roh30p,7,D-Tree,18000.0,1067.21,2319.46,231618.0,22842071.0,2304,125281
sar-size8-roh30p,8,ER-S,18000.01,1647.51,1806.42,876.0,7721323.0,2080,127075
sar-size8-roh30p,8,D-Flow,18000.0,74.21,1806.42,409493.0,96762901.0,4832,20818
sar-size8-roh30p,8,D-Tree,18000.0,1019.18,2326.53,232450.0,28454982.0,2304,125281
sar-size8-roh30p,9,ER-S,18000.01,1425.55,1496.87,1189.0,8226767.0,2080,127075
sar-size8-roh30p,9,D-Flow,18000.0,52.94,1521.38,426611.0,107943184.0,5184,23412
sar-size8-roh30p,9,D-Tree,18000.05,955.93,1609.04,300635.0,28558592.0,2304,125281
sar-size8-roh60p,10,ER-S,18000.0,1161.17,1310.56,952.0,8037617.0,2080,127075
sar-size8-roh60p,10,D-Flow,18000.0,43.1,1326.57,622998.0,126329996.0,5536,26006
sar-size8-roh60p,10,D-Tree,18000.01,794.38,1348.15,298157.0,24500456.0,2304,125281
sar-size8-roh60p,3,ER-S,18000.0,5715.57,8635.63,200.0,6245446.0,2080,127075
sar-size8-roh60p,3,D-Flow,18000.0,2470.59,7856.03,87990.0,77981118.0,3072,7848
sar-size8-roh60p,3,D-Tree,18000.0,1156.25,1e+100,172213.0,26744946.0,2304,125281
sar-size8-roh60p,4,ER-S,18000.0,4037.15,5010.12,299.0,6590638.0,2080,127075
sar-size8-roh60p,4,D-Flow,18000.0,960.0,5561.16,109235.0,76973385.0,3424,10442
sar-size8-roh60p,4,D-Tree,18000.0,1098.74,1e+100,227723.0,29240681.0,2304,125281
sar-size8-roh60p,5,ER-S,18000.01,3011.62,3875.09,518.0,7093729.0,2080,127075
sar-size8-roh60p,5,D-Flow,18000.0,527.12,3624.13,138164.0,75982949.0,3776,13036
sar-size8-roh60p,5,D-Tree,18000.0,996.81,1e+100,268452.0,29866197.0,2304,125281
sar-size8-roh60p,6,ER-S,18000.01,2367.42,2792.89,642.0,7182962.0,2080,127075
sar-size8-roh60p,6,D-Flow,18000.0,268.5,2755.93,150585.0,83560457.0,4128,15630
sar-size8-roh60p,6,D-Tree,18000.0,1007.68,3408.67,243872.0,30566107.0,2304,125281
sar-size8-roh60p,7,ER-S,18000.01,1929.24,2117.7,691.0,6686861.0,2080,127075
sar-size8-roh60p,7,D-Flow,18000.0,152.99,2455.03,539932.0,120532456.0,4480,18224
sar-size8-roh60p,7,D-Tree,18000.0,967.01,2413.04,206969.0,22379529.0,2304,125281
sar-size8-roh60p,8,ER-S,18000.0,1598.69,1811.76,778.0,7157614.0,2080,127075
sar-size8-roh60p,8,D-Flow,18000.01,94.22,1925.83,481753.0,116765653.0,4832,20818
sar-size8-roh60p,8,D-Tree,18000.0,909.31,1940.4,285573.0,24240282.0,2304,125281
sar-size8-roh60p,9,ER-S,18000.01,1353.15,1540.06,910.0,7570896.0,2080,127075
sar-size8-roh60p,9,D-Flow,18000.0,81.27,1537.34,1064382.0,160171975.0,5184,23412
sar-size8-roh60p,9,D-Tree,18000.0,878.1,1634.03,293380.0,23803843.0,2304,125281
sar-size8-roh90p,10,ER-S,18000.01,1067.71,1163.47,1491.0,8598156.0,2080,127075
sar-size8-roh90p,10,D-Flow,18000.01,53.21,1163.47,524142.0,106734629.0,5536,26006
sar-size8-roh90p,10,D-Tree,18000.0,713.38,1191.54,272077.0,22612104.0,2304,125281
sar-size8-roh90p,3,ER-S,18000.0,5801.75,10574.24,222.0,6791460.0,2080,127075
sar-size8-roh90p,3,D-Flow,18000.0,3466.48,7030.71,22601.0,43800666.0,3072,7848
sar-size8-roh90p,3,D-Tree,18000.01,1022.57,1e+100,145906.0,34841316.0,2304,125281
sar-size8-roh90p,4,ER-S,18000.05,3872.83,4915.32,381.0,7111130.0,2080,127075
sar-size8-roh90p,4,D-Flow,18000.0,1489.67,4982.64,131969.0,86758635.0,3424,10442
sar-size8-roh90p,4,D-Tree,18000.01,994.07,1e+100,193477.0,27832234.0,2304,125281
sar-size8-roh90p,5,ER-S,18000.0,2882.01,3353.56,533.0,7392557.0,2080,127075
sar-size8-roh90p,5,D-Flow,18000.0,583.57,3540.83,156030.0,87122886.0,3776,13036
sar-size8-roh90p,5,D-Tree,18000.0,897.37,1e+100,250720.0,30203742.0,2304,125281
sar-size8-roh90p,6,ER-S,18000.01,2218.24,2646.57,636.0,6756677.0,2080,127075
sar-size8-roh90p,6,D-Flow,18000.0,398.11,2699.84,155718.0,85805931.0,4128,15630
sar-size8-roh90p,6,D-Tree,18000.0,838.09,1e+100,321734.0,30788428.0,2304,125281
sar-size8-roh90p,7,ER-S,18000.0,1775.06,2196.16,736.0,6691230.0,2080,127075
sar-size8-roh90p,7,D-Flow,18000.0,169.09,2140.64,493898.0,124435894.0,4480,18224
sar-size8-roh90p,7,D-Tree,18000.01,838.93,2236.05,244788.0,23257969.0,2304,125281
sar-size8-roh90p,8,ER-S,18000.01,1474.12,1698.5,867.0,7848265.0,2080,127075
sar-size8-roh90p,8,D-Flow,18000.01,113.69,1727.89,509180.0,123012604.0,4832,20818
sar-size8-roh90p,8,D-Tree,18000.0,800.01,1964.64,262539.0,22520325.0,2304,125281
sar-size8-roh90p,9,ER-S,18000.0,1239.85,1443.7,1090.0,8481505.0,2080,127075
sar-size8-roh90p,9,D-Flow,18000.01,80.31,1426.21,543904.0,110996631.0,5184,23412
sar-size8-roh90p,9,D-Tree,18000.0,755.83,1462.72,330063.0,25092710.0,2304,125281
sar-size9-roh0p,10,ER-S,18000.01,1598.02,2927.63,171.0,3908398.0,3321,259284
sar-size9-roh0p,10,D-Flow,18000.01,24.87,1845.03,399110.0,103029707.0,7740,39883
sar-size9-roh0p,10,D-Tree,18000.0,910.05,2322.44,155880.0,13487564.0,3609,256330
sar-size9-roh0p,3,ER-S,18000.01,6320.35,29126.32,1.0,2899065.0,3321,259284
sar-size9-roh0p,3,D-Flow,18000.0,2306.44,8368.85,10557.0,25046762.0,4590,12023
sar-size9-roh0p,3,D-Tree,18000.0,1158.35,1e+100,80633.0,14364230.0,3609,256330
sar-size9-roh0p,4,ER-S,18000.01,4551.91,26010.0,12.0,2287181.0,3321,259284
sar-size9-roh0p,4,D-Flow,18000.95,1456.4,6570.81,9392.0,22584056.0,5040,16003
sar-size9-roh0p,4,D-Tree,18000.0,1135.46,1e+100,105066.0,21249979.0,3609,256330
sar-size9-roh0p,5,ER-S,18000.01,3553.11,15336.98,29.0,2663095.0,3321,259284
sar-size9-roh0p,5,D-Flow,18000.01,371.61,5012.56,56383.0,50679422.0,5490,19983
sar-size9-roh0p,5,D-Tree,18000.0,1063.89,1e+100,122572.0,16542180.0,3609,256330
sar-size9-roh0p,6,ER-S,18000.01,2902.78,7612.32,47.0,2837235.0,3321,259284
sar-size9-roh0p,6,D-Flow,18000.01,215.78,4118.69,61837.0,46907633.0,5940,23963
sar-size9-roh0p,6,D-Tree,18000.0,1013.51,1e+100,142886.0,16786252.0,3609,256330
sar-size9-roh0p,7,ER-S,18000.0,2436.11,24281.7,57.0,2727738.0,3321,259284
sar-size9-roh0p,7,D-Flow,18000.01,74.67,2970.54,148508.0,73608209.0,6390,27943
sar-size9-roh0p,7,D-Tree,18000.0,1008.4,1e+100,139748.0,16162801.0,3609,256330
sar-size9-roh0p,8,ER-S,18000.01,2085.04,17982.8,80.0,3095730.0,3321,259284
sar-size9-roh0p,8,D-Flow,18000.01,48.37,2557.55,259279.0,90770003.0,6840,31923
sar-size9-roh0p,8,D-Tree,18000.0,982.18,1e+100,155403.0,16896675.0,3609,256330
sar-size9-roh0p,9,ER-S,18000.01,1816.71,17531.22,63.0,3020184.0,3321,259284
sar-size9-roh0p,9,D-Flow,18000.01,31.14,2344.15,229226.0,89512393.0,7290,35903
sar-size9-roh0p,9,D-Tree,18000.0,820.35,1e+100,324678.0,18296989.0,3609,256330
sar-size9-roh30p,10,ER-S,18000.01,1591.13,1971.83,237.0,4185739.0,3321,259284
sar-size9-roh30p,10,D-Flow,18000.01,32.94,1896.25,434173.0,98743664.0,7740,39883
sar-size9-roh30p,10,D-Tree,18000.01,870.71,1967.03,154566.0,13434264.0,3609,256330
sar-size9-roh30p,3,ER-S,18000.01,6516.67,29818.35,1.0,3650170.0,3321,259284
sar-size9-roh30p,3,D-Flow,18000.0,2408.97,8864.6,11559.0,24648768.0,4590,12023
sar-size9-roh30p,3,D-Tree,18000.0,1086.03,1e+100,81924.0,13572461.0,3609,256330
sar-size9-roh30p,4,ER-S,18000.01,4674.83,23499.13,3.0,2383978.0,3321,259284
sar-size9-roh30p,4,D-Flow,18000.01,941.11,6342.96,53860.0,54207112.0,5040,16003
sar-size9-roh30p,4,D-Tree,18000.0,1120.08,1e+100,98450.0,15609737.0,3609,256330
sar-size9-roh30p,5,ER-S,18000.01,3639.32,30084.8,15.0,2540058.0,3321,259284
sar-size9-roh30p,5,D-Flow,18000.01,448.31,5013.7,65480.0,51388985.0,5490,19983
sar-size9-roh30p,5,D-Tree,18000.0,1073.81,1e+100,93796.0,15244228.0,3609,256330
sar-size9-roh30p,6,ER-S,18000.01,2951.97,27465.7,51.0,2827023.0,3321,259284
sar-size9-roh30p,6,D-Flow,18000.01,236.04,3756.49,55598.0,43172279.0,5940,23963
sar-size9-roh30p,6,D-Tree,18000.0,1045.29,1e+100,100138.0,15115465.0,3609,256330
sar-size9-roh30p,7,ER-S,18000.01,2465.0,11101.72,75.0,3158206.0,3321,259284
sar-size9-roh30p,7,D-Flow,18000.01,84.75,3473.85,179846.0,69662625.0,6390,27943
sar-size9-roh30p,7,D-Tree,18000.02,957.91,1e+100,173591.0,17203100.0,3609,256330
sar-size9-roh30p,8,ER-S,18000.01,2100.76,24416.65,80.0,3177518.0,3321,259284
sar-size9-roh30p,8,D-Flow,18000.01,58.96,3061.32,246225.0,83126075.0,6840,31923
sar-size9-roh30p,8,D-Tree,18000.0,977.16,1e+100,146331.0,16392472.0,3609,256330
sar-size9-roh30p,9,ER-S,18000.01,1815.23,2798.69,148.0,3768484.0,3321,259284
sar-size9-roh30p,9,D-Flow,18000.01,42.9,2458.06,412317.0,99120923.0,7290,35903
sar-size9-roh30p,9,D-Tree,18000.01,929.79,2776.75,128564.0,13050759.0,3609,256330
sar-size9-roh60p,10,ER-S,18000.01,1545.66,2211.21,178.0,4059757.0,3321,259284
sar-size9-roh60p,10,D-Flow,18000.01,27.64,1919.38,442465.0,98546026.0,7740,39883
sar-size9-roh60p,10,D-Tree,18000.01,846.95,2037.87,186377.0,19915673.0,3609,256330
sar-size9-roh60p,3,ER-S,18000.01,6795.59,32752.43,1.0,3309630.0,3321,259284
sar-size9-roh60p,3,D-Flow,18000.1,2744.19,9147.63,10399.0,21957224.0,4590,12023
sar-size9-roh60p,3,D-Tree,18000.0,1155.3,1e+100,72659.0,20838712.0,3609,256330
sar-size9-roh60p,4,ER-S,18000.01,4861.11,32159.55,1.0,2710456.0,3321,259284
sar-size9-roh60p,4,D-Flow,18000.0,846.08,6703.23,63109.0,55694633.0,5040,16003
sar-size9-roh60p,4,D-Tree,18000.0,1058.46,1e+100,120699.0,18288436.0,3609,256330
sar-size9-roh60p,5,ER-S,18000.01,3731.82,28807.57,16.0,2620668.0,3321,259284
sar-size9-roh60p,5,D-Flow,18000.01,362.08,4832.5,54515.0,39582428.0,5490,19983
sar-size9-roh60p,5,D-Tree,18000.02,1046.23,1e+100,131877.0,24564508.0,3609,256330
sar-size9-roh60p,6,ER-S,18000.01,2982.31,31384.41,36.0,2890727.0,3321,259284
sar-size9-roh60p,6,D-Flow,18000.01,228.91,3961.43,63245.0,41281476.0,5940,23963
sar-size9-roh60p,6,D-Tree,18000.0,1033.77,1e+100,116521.0,17706729.0,3609,256330
sar-size9-roh60p,7,ER-S,18000.01,2465.7,31861.58,26.0,2750667.0,3321,259284
sar-size9-roh60p,7,D-Flow,18000.01,75.94,3501.08,213206.0,83736437.0,6390,27943
sar-size9-roh60p,7,D-Tree,18000.03,963.4,1e+100,146325.0,18365873.0,3609,256330
sar-size9-roh60p,8,ER-S,18000.01,2074.67,26031.13,65.0,3339321.0,3321,259284
sar-size9-roh60p,8,D-Flow,18000.01,46.37,2430.62,233540.0,83418873.0,6840,31923
sar-size9-roh60p,8,D-Tree,18000.02,893.37,3013.63,144817.0,15545024.0,3609,256330
sar-size9-roh60p,9,ER-S,18000.01,1791.45,2030.41,138.0,3803907.0,3321,259284
sar-size9-roh60p,9,D-Flow,18000.01,45.13,2213.88,341435.0,93218716.0,7290,35903
sar-size9-roh60p,9,D-Tree,18000.01,884.38,2776.22,165855.0,20068955.0,3609,256330
sar-size9-roh90p,10,ER-S,18000.01,2003.98,2188.39,482.0,5873160.0,3321,259284
sar-size9-roh90p,10,D-Flow,18000.01,52.31,2563.98,533280.0,128789829.0,7740,39883
sar-size9-roh90p,10,D-Tree,18000.03,1127.31,2913.75,163596.0,15365309.0,3609,256330
sar-size9-roh90p,3,ER-S,18000.01,10211.92,60780.37,25.0,4027868.0,3321,259284
sar-size9-roh90p,3,D-Flow,18000.13,4502.3,11197.4,10437.0,28532241.0,4590,12023
sar-size9-roh90p,3,D-Tree,18000.0,1457.4,1e+100,89340.0,22708737.0,3609,256330
sar-size9-roh90p,4,ER-S,18000.01,6786.19,9518.38,105.0,4352392.0,3321,259284
sar-size9-roh90p,4,D-Flow,18000.0,1628.75,8153.97,58116.0,66268004.0,5040,16003
sar-size9-roh90p,4,D-Tree,18000.0,1338.0,1e+100,133242.0,18400782.0,3609,256330
sar-size9-roh90p,5,ER-S,18000.01,5043.04,42110.65,163.0,4698163.0,3321,259284
sar-size9-roh90p,5,D-Flow,18000.0,817.84,6179.81,62593.0,55846337.0,5490,19983
sar-size9-roh90p,5,D-Tree,18000.0,1290.64,1e+100,161257.0,19318736.0,3609,256330
sar-size9-roh90p,6,ER-S,18000.12,3984.28,5190.79,191.0,4804611.0,3321,259284
sar-size9-roh90p,6,D-Flow,18000.01,464.67,5034.68,78073.0,60071814.0,5940,23963
sar-size9-roh90p,6,D-Tree,18000.0,1224.86,1e+100,179113.0,19453169.0,3609,256330
sar-size9-roh90p,7,ER-S,18000.01,3290.45,4823.05,245.0,5024992.0,3321,259284
sar-size9-roh90p,7,D-Flow,18000.01,186.56,4254.35,215556.0,88846762.0,6390,27943
sar-size9-roh90p,7,D-Tree,18000.03,1258.62,5320.46,129814.0,15944462.0,3609,256330
sar-size9-roh90p,8,ER-S,18000.01,2746.9,3527.88,361.0,5656181.0,3321,259284
sar-size9-roh90p,8,D-Flow,18000.01,87.05,3327.22,248885.0,107664055.0,6840,31923
sar-size9-roh90p,8,D-Tree,18000.01,1220.81,4257.36,130849.0,15133049.0,3609,256330
sar-size9-roh90p,9,ER-S,18000.01,2334.24,2949.3,403.0,5922387.0,3321,259284
sar-size9-roh90p,9,D-Flow,18000.01,69.66,2809.89,424187.0,128488188.0,7290,35903
sar-size9-roh90p,9,D-Tree,18000.01,1167.44,3072.89,147435.0,15509228.0,3609,256330
